|     cntr_01|         dist_x|         pang_x|          ra_01|         dec_01|                 ra|                dec|             flux65|             flux90|            flux140|            flux160|             ferr65|             ferr90|            ferr140|            ferr160|     fqual65|     fqual90|    fqual140|    fqual160|
            3        8.337708      -45.384110      265.480417      -12.199167          265.478730          -12.197540            0.493500            0.895900            0.559900            2.992000                null            0.018000                null                null            1            3            1            1 
           11        8.667393       36.000880       53.602083      -15.227778           53.603550          -15.225830                null            0.829900            1.913000            2.508000                null            0.141000                null                null            1            3            1            1 
           13        2.960676       48.752797       58.427083       37.235278           58.427860           37.235820            0.394500            0.827100            0.756300            1.125000                null            0.077900                null                null            1            3            1            1 
           15        9.484823       14.468809       65.920000        4.133889           65.920660            4.136440            0.262000            0.872300            1.515000                null                null            0.038300            0.529000                null            1            3            1            1 
           16        4.838480      -62.261064       71.037500       28.216944           71.036150           28.217570            1.892000            1.427000            4.918000            0.473900                null            0.214000            0.653000                null            1            3            3            1 
           22        4.533614     -126.489479      111.610000      -35.906111          111.608750          -35.906860            1.122000            1.036000            2.271000            2.303000                null            0.088400            1.910000                null            1            3            1            1 
           23        5.627007     -128.827131      119.972917       23.390000          119.971590           23.389020            2.397000            2.820000            4.158000            4.334000                null            0.120000            0.580000            0.765000            1            3            3            1 
           31        6.938233      -23.391885      160.093750      -46.423889          160.092640          -46.422120            1.279000            0.941000            2.243000            1.149000                null            0.025900            0.747000            1.580000            1            3            1            1 
           34        4.165798       33.743957      187.905000      -47.967222          187.905960          -47.966260            0.929000            1.370000            3.078000            2.405000                null            0.060100            1.340000                null            1            3            1            1 
           42        4.067450       19.924201      227.999167      -21.317222          227.999580          -21.316160            1.467000            1.591000            3.208000            0.285700                null            0.089200            0.698000                null            1            3            3            1 
           46        3.934526     -139.773508      294.387500       -6.218056          294.386790           -6.218890            2.620000            3.709000            6.891000            7.754000            0.241000            0.127000                null                null            3            3            1            1 
           48        3.380606     -100.016533      300.232083      -18.174167          300.231110          -18.174330            0.823800            0.718700            1.145000            0.974700                null            0.054900                null                null            1            3            1            1 
           54        4.296086       79.375711       42.677500       54.705000           42.679530           54.705220            0.622700            1.585000            2.650000            0.589000                null            0.078600            0.399000                null            1            3            1            1 
           56        2.200861       32.509035       68.296250        5.354444           68.296580            5.354960            1.314000            1.468000            0.475800            2.057000                null            0.085100            0.449000                null            1            3            1            1 
           68        5.305013        2.493178      145.520000       23.685278          145.520070           23.686750            0.370500            0.656500            0.991400            1.720000                null            0.056200            0.294000                null            1            3            1            1 
           73        3.928731      127.138186      281.359167       72.183889          281.362010           72.183230            0.617900            0.823200            1.350000            0.572300                null            0.017600            0.477000            0.245000            1            3            1            1 
           75        2.764582       50.028111       73.357500        4.061667           73.358090            4.062160            1.137000            0.624000                null            1.270000                null            0.032000                null                null            1            3            1            1 
           79        3.059683      -95.784892       91.423333      -86.631944           91.408940          -86.632030            5.092000            8.501000           16.660000           16.280001            0.278000            0.407000            0.691000            1.310000            3            3            3            3 
           81        6.247910       67.612014       73.995833      -75.541111           74.002260          -75.540450            0.693500            0.645800            1.405000            1.225000                null            0.120000            0.701000            2.200000            1            3            1            1 
           82        1.908105       -0.597891      279.584583      -65.427500          279.584570          -65.426970            1.833000            1.227000            1.828000                null            0.050900            0.077100            0.906000                null            1            3            1            1 
           84        2.114233      144.817400      248.808750      -58.080000          248.809390          -58.080480            1.925000            3.136000            6.637000            1.636000                null            0.203000            1.270000                null            1            3            3            1 
           85        9.635743       37.506882      264.412917      -59.940833          264.416170          -59.938710            0.069260            0.880600            2.916000            4.264000                null            0.083000            0.474000            1.250000            1            3            1            1 
           91        3.528501      -29.469364      120.491667      -49.778333          120.490920          -49.777480            0.908700            1.431000            2.289000            2.032000            1.070000            0.160000            1.460000            0.030200            1            3            1            1 
           92        1.796710       63.986801       22.463333      -42.326389           22.463940          -42.326170            0.884400            1.340000            3.855000            0.311400                null            0.384000            0.388000                null            1            3            1            1 
           94        4.501781      139.516321       24.655000      -40.011389           24.656060          -40.012340            0.359700            0.672100            1.802000            2.928000                null            0.067000            0.353000            2.170000            1            3            1            1 
           95        7.401461       40.119113      196.608750      -40.414722          196.610490          -40.413150            5.453000            6.945000            7.791000            6.404000            0.304000            0.236000            1.360000            0.949000            3            3            3            3 
           96        2.939791      117.117434       79.899167      -32.657778           79.900030          -32.658150            1.827000            1.277000            2.825000            1.934000            0.060800            0.088100            0.464000                null            1            3            1            1 
           98        5.686593       82.645393      203.358750      -34.014722          203.360640          -34.014520            0.284400            0.623500            1.158000                null                null            0.069700            0.927000            0.313000            1            3            1            1 
           99        0.494398     -170.785526      301.740417      -34.549444          301.740390          -34.549580            0.197800            0.738000            3.002000            0.392100                null            0.046400            0.491000                null            1            1            3            1 
          102        5.640380     -109.772235      171.847500      -29.257500          171.845810          -29.258030            0.147200            0.703500            3.514000            0.901300                null            0.042500            0.158000                null            1            3            3            1 
          103        2.896164     -120.456413      315.599167      -28.174722          315.598380          -28.175130            0.157400            0.480500            1.393000                null                null            0.039100            1.040000                null            1            3            1            1 
          105        5.179874      -20.494941      100.048750      -25.895278          100.048190          -25.893930            0.728800            1.409000            4.542000            1.049000                null            0.041200            1.220000                null            1            3            1            1 
          107        6.001255      -29.016131      189.727500      -27.307778          189.726590          -27.306320            0.101600            0.612800                null                null                null            0.073100                null                null            1            3            1            1 
          108        2.105305      -20.497783      202.807917      -25.402778          202.807690          -25.402230                null            0.570800                null            2.818000                null            0.092000                null                null            1            3            1            1 
          110        2.685212       34.836297      214.843333      -26.644722          214.843810          -26.644110            0.586900            0.847500            2.148000            3.978000                null            0.150000            3.450000                null            1            3            1            1 
          112        7.189814      -50.637228       55.515417      -21.244167           55.513760          -21.242900            0.979800            0.968000            2.351000            1.815000                null            0.060800            0.090900                null            1            3            1            1 
          113        0.256364     -134.598254       60.607083      -18.047500           60.607030          -18.047550            2.075000            2.976000            5.711000            4.075000            0.089400            0.170000            0.363000            1.120000            1            3            3            3 
          116        6.303508     -101.939198      143.681667      -21.927778          143.679820          -21.928140            2.317000            2.898000            3.727000            2.784000            0.447000            0.114000            0.902000            0.032200            1            3            1            1 
          117        4.341000     -164.742317      209.152917      -19.529167          209.152580          -19.530330            0.217000            0.584700            1.088000            2.707000                null            0.023700            0.529000            1.050000            1            3            1            1 
          118        6.962381      -98.624650      129.628333      -35.992500          129.625970          -35.992790            0.968300            1.059000            2.826000            0.840300                null            0.152000            1.670000                null            1            3            1            1 
          119        9.814124      -31.588413      125.754583       -4.934722          125.753150           -4.932400            0.650600            0.790800            2.456000                null                null            0.058300            1.590000                null            1            3            1            1 
          121        6.698537      -23.819770      281.225000      -62.364722          281.223380          -62.363020            1.838000            1.705000            2.621000            1.635000                null            0.180000            0.150000                null            1            3            1            1 
          123        4.928342      -59.300580       41.240417       62.468611           41.237870           62.469310            0.329900            0.575700            1.949000            1.088000                null            0.080300            0.646000                null            1            3            1            1 
          124        7.750498     -127.516270      120.087500       26.613611          120.085590           26.612300            0.854000            1.213000            2.647000            2.124000                null            0.061300                null                null            1            3            1            1 
          125        3.773155      171.531038       18.529167      -32.650833           18.529350          -32.651870            1.884000            2.930000            5.480000            4.518000            0.362000            0.185000            0.362000            0.887000            1            3            3            1 
          126        4.382876     -127.762659       37.962500      -36.671944           37.961300          -36.672690            0.862800            1.473000            2.876000            0.468800                null            0.053500            0.332000            1.140000            1            3            1            1 
          127        4.915209      -26.572672      139.991667       37.191389          139.990900           37.192610            0.671000            1.481000            4.154000            5.574000                null            0.130000            1.300000            1.010000            1            3            3            1 
          128        4.829466      -54.913961      168.457083        9.586389          168.455970            9.587160            2.735000            2.691000            4.013000            4.045000                null            0.062500            0.713000                null            1            3            3            1 
          130        4.363391       25.449727      207.330417      -30.309444          207.331020          -30.308350            1.811000            1.785000            1.565000            2.705000            0.142000            0.210000                null            0.561000            1            3            1            1 
          133        1.109049       71.276901      313.009583      -57.068889          313.010120          -57.068790            4.745000            3.821000            4.016000            0.154900            0.395000            0.141000            0.476000                null            3            3            3            1 
          134        4.329305      173.804182      174.175000      -60.051944          174.175260          -60.053140            0.821200            1.517000            2.117000            0.752100                null            0.053300            1.300000                null            1            3            1            1 
          137        2.015885     -123.614517      306.732917       -2.277500          306.732450           -2.277810            0.846900            1.153000            1.730000            0.115900                null            0.061800            0.291000                null            1            3            1            1 
          138        3.751822     -138.546935       51.305000       40.698611           51.304090           40.697830            1.268000            1.167000            1.108000            0.126600                null            0.083500            0.814000                null            1            3            1            1 
          140        3.280578      -49.558907       77.689583       16.498889           77.688860           16.499480            0.936200            0.957100            0.308300                null                null            0.040500                null                null            1            3            1            1 
          142        1.312154       14.907409       90.544583       28.472778           90.544690           28.473130            0.648500            0.954800            0.574100            0.853100                null            0.079500                null                null            1            3            1            1 
          147        3.874495      143.536970      351.350833      -38.446944          351.351650          -38.447810            0.713100            0.653900            1.031000            1.132000                null            0.079900                null                null            1            3            1            1 
          151        6.766583      -26.945578      180.698333      -53.835556          180.696890          -53.833880            2.214000            1.631000            2.109000            0.951400            0.208000            0.123000            0.436000                null            1            3            1            1 
          153        7.360783      140.846918       28.204167       -3.446944           28.205460           -3.448530            1.595000            2.597000            6.290000            7.049000            0.070200            0.225000            0.579000            0.669000            1            3            3            1 
          157        2.834229       17.164255      178.159167       -5.207222          178.159400           -5.206470            0.718600            1.575000            0.955700            1.562000                null            0.271000            0.444000                null            1            3            1            1 
          158        4.020094       -6.275975      195.079583       -8.087500          195.079460           -8.086390            0.422300            0.679800            1.545000            2.033000                null            0.090300                null                null            1            3            1            1 
          159        3.746390      -85.836532      233.336250       -8.700556          233.335200           -8.700480            2.207000            2.304000            3.556000            3.630000                null            0.108000            1.430000            0.176000            1            3            3            1 
          163        4.407422     -100.193838       69.559167      -10.795833           69.557940          -10.796050            0.513600            0.682000            1.782000            1.157000                null            0.111000            0.267000                null            1            3            1            1 
          166        2.721718        4.846719      200.602083      -16.728333          200.602150          -16.727580            4.537000            4.634000            4.384000            1.328000            0.457000            0.106000            0.385000                null            3            3            1            1 
          167        4.299097       -4.118383      146.917500      -30.948611          146.917400          -30.947420            1.431000            1.277000            0.982400                null                null            0.084200            0.226000                null            1            3            1            1 
          168        8.208421      -14.692642      203.973750      -34.295556          203.973050          -34.293350            0.461300            1.035000            1.314000                null                null            0.119000                null                null            1            3            1            1 
          170        2.155076      -45.444483       49.259167        1.255000           49.258740            1.255420            2.133000            4.072000            3.908000            5.893000            0.218000            0.307000            0.330000            0.350000            3            3            3            3 
          171        5.664327     -162.293810      340.070833        8.053889          340.070350            8.052390            0.761000            0.873400            0.024620            0.915900                null            0.049100                null                null            1            3            1            1 
          172        3.491536       88.030528      121.193333       10.776667          121.194320           10.776700            0.222900            0.753300            1.293000            0.836100                null            0.097400            0.262000                null            1            3            1            1 
          173        3.430942      124.757277      335.937500       11.835833          335.938300           11.835290            0.420600            0.575400            0.540200            0.965800                null            0.038700            0.477000                null            1            3            1            1 
          175        4.079731     -118.074060      307.146250       25.733333          307.145140           25.732800            7.557000           12.160000           10.890000            9.012000            0.275000            0.289000            1.180000            1.080000            3            3            3            3 
          176        4.076007      -20.414907       12.895833       29.401389           12.895380           29.402450            0.394800            1.020000            2.631000            0.905000                null            0.108000            0.485000                null            1            3            1            1 
          177        2.686674      111.301141      177.191250       29.641111          177.192050           29.640840            0.500000            0.866200            2.719000            2.190000                null            0.017100            1.880000                null            1            3            1            1 
          178        3.681889       29.136449      108.516250       35.279167          108.516860           35.280060            1.987000            2.282000            1.523000            1.421000            0.034300            0.113000            0.267000                null            1            3            1            1 
          179        2.146225       42.593030      161.204167       38.181111          161.204680           38.181550            0.346400            0.738000            1.360000            0.341400                null            0.043300            0.421000            1.460000            1            3            1            1 
          181        5.995894      -37.260962       88.723333       46.439444           88.721870           46.440770            2.485000            2.377000            3.991000            1.696000            0.099200            0.061800            0.249000                null            3            3            3            1 
          183        7.301656       21.872598      161.035417       70.405278          161.037670           70.407160            0.180000            0.909300            2.727000            1.114000                null            0.072800            0.634000                null            1            3            1            1 
          184        8.241227      -44.280468      116.871250       60.933611          116.867960           60.935250            0.766100            0.917800            3.283000            1.030000                null            0.044300            0.443000                null            1            3            1            1 
          186        3.649078     -142.940494      121.024583        5.113889          121.023970            5.113080            1.683000            1.196000            1.805000                null                null            0.061400            1.380000                null            1            3            1            1 
          189        2.592880     -150.467557      135.493333       60.151667          135.492620           60.151040            1.982000            2.010000            3.466000            0.543800            0.374000            0.053900            0.455000                null            1            3            3            1 
          190        7.012767      -77.346864      182.308750       47.058333          182.305960           47.058760            0.742100            0.584200                null            0.429200                null            0.096600                null                null            1            3            1            1 
          194        8.199738       -8.945059       93.901250       71.037500           93.900160           71.039750            3.673000            2.939000            2.929000            2.580000            0.207000            0.282000            0.288000                null            1            3            1            1 
          196        7.857428      -41.066864       12.196250       31.956944           12.194560           31.958590            1.191000            0.735500            1.380000                null                null            0.059700            0.049700                null            1            3            1            1 
          198        6.031875      -67.872476       21.885833       19.178889           21.884190           19.179520            1.097000            1.282000            2.581000                null            0.759000            0.087000            0.606000                null            1            3            3            1 
          203        1.494888       42.394856       33.640000       -0.766667           33.640280           -0.766360            0.701100            0.746600            2.648000                null                null            0.068900            0.929000                null            1            3            1            1 
          205        2.010663       41.922496      103.051250       74.426944          103.052640           74.427360            0.895200            0.919900            0.576200                null                null            0.054500                null                null            1            3            1            1 
          206        3.152946       13.642042       69.092500      -10.376111           69.092710          -10.375260            1.964000            2.572000            4.505000            4.482000                null            0.103000            0.603000            1.240000            1            3            3            1 
          210        4.756303      -10.543116      174.122500       21.596111          174.122240           21.597410            1.300000            1.735000            3.451000            1.611000                null            0.073700            0.572000            2.930000            1            3            3            1 
          211        4.236461       48.340120      184.610417       29.812778          184.611430           29.813560            3.349000            3.312000            3.864000            3.401000            0.596000            0.190000            0.327000            0.955000            3            3            3            1 
          212        3.529656      102.500007      115.636667       49.809722          115.638150           49.809510            1.456000            1.358000            3.001000            0.584600                null            0.064400            0.179000                null            1            3            3            1 
          213        3.676493       17.620916      219.092083       58.794167          219.092680           58.795140            1.678000            1.575000            2.194000                null            0.258000            0.060300            0.519000                null            1            3            1            1 
          216        2.376722      -12.979268      346.181250       -8.685833          346.181100           -8.685190            0.189700            0.646900            1.008000                null                null            0.119000            5.610000                null            1            3            1            1 
          217        5.824098      -61.444203       18.462500       13.271667           18.461040           13.272440            1.135000            0.835000            2.140000            0.630300                null            0.077300            0.792000                null            1            3            1            1 
          218        3.058634      154.470576       40.270000       -8.255833           40.270370           -8.256600            0.841100            0.793400            1.288000            0.922800                null            0.036200            0.425000                null            1            3            1            1 
          219        2.217336      138.162363       42.668750       41.671389           42.669300           41.670930            0.725200            1.271000            1.694000            1.915000                null            0.058400                null            1.180000            1            3            1            1 
          220        5.473206       49.314978       42.917917      -16.651111           42.919120          -16.650120            4.596000            2.514000            2.225000            2.564000            0.179000            0.089700            0.218000                null            3            3            1            1 
          221        7.759547      -55.813522       45.954583       -1.103611           45.952800           -1.102400            0.290800            0.530300            1.856000                null                null            0.041700            0.563000                null            1            3            1            1 
          223        7.774951     -178.421503       88.047500       -7.456111           88.047440           -7.458270            2.879000            4.594000            4.277000            2.453000            0.362000            0.046900            0.159000                null            3            3            3            1 
          225        4.240625      -63.015977      133.907083       78.223056          133.901940           78.223590            1.583000            1.985000            6.159000            6.385000            0.273000            0.052100            0.589000            0.703000            1            3            3            3 
          227        4.727836      -83.490436      146.425417      -14.326389          146.424070          -14.326240            6.645000            9.220000           13.180000           10.960000            0.379000            0.194000            0.608000            1.340000            3            3            3            3 
          228        6.318581       10.538472      147.979167       -6.823056          147.979490           -6.821330            0.155600            0.991200            3.192000            2.293000                null            0.083200            0.322000            0.295000            1            3            3            1 
          229        3.559514      -47.516147      150.490833       55.679722          150.489540           55.680390           46.849998           59.310001           70.239998           76.690002            5.180000            1.910000            3.600000            3.050000            3            3            3            3 
          230        1.142117       69.926430      149.872917      -22.826389          149.873240          -22.826280            1.850000            2.364000            3.474000            2.204000                null            0.131000            0.045500            1.700000            1            3            3            1 
          231        7.601488      -18.704764      155.877500       19.865000          155.876780           19.867000            7.112000           10.600000           17.170000           11.390000            0.709000            0.535000            1.600000            1.460000            3            3            3            3 
          232        6.737362       26.756445      157.967083      -34.853611          157.968110          -34.851940            6.086000            6.011000            9.137000            5.065000            0.453000            0.458000            1.000000            0.281000            3            3            3            3 
          233        0.911824       15.185111      162.097917      -25.161944          162.097990          -25.161700            1.510000            2.089000            2.750000            2.591000                null            0.089400                null                null            1            3            1            1 
          234        3.503236      -15.971005      162.812500      -17.008056          162.812220          -17.007120            0.125500            0.891800            2.342000            3.529000                null            0.077800            0.669000                null            1            3            1            1 
          235        3.968564       79.075241      166.697917       72.568611          166.701530           72.568820            1.526000            1.317000            1.185000            0.739200                null            0.083300                null                null            1            3            1            1 
          236        4.246556       11.854560      173.145417       53.068056          173.145820           53.069210            0.020300            0.573900            2.896000            3.380000                null            0.080600            0.160000            2.060000            1            3            1            1 
          237        6.079195      -38.525102      174.757500      -37.738611          174.756170          -37.737290            2.634000            2.716000            3.469000            5.855000            0.029600            0.108000            0.843000            0.975000            1            3            1            1 
          239        3.330257       39.761686      180.790000       44.531389          180.790830           44.532100            2.832000            4.557000            9.531000            6.844000            0.868000            0.254000            1.020000            1.220000            1            3            3            1 
          240        7.551487     -169.291920      181.595833       52.711111          181.595190           52.709050           50.130001           54.049999           48.750000           51.259998            1.230000            2.230000            1.930000            2.540000            3            3            3            3 
          241        0.969047     -134.234845      182.374167       43.685278          182.373900           43.685090            0.577000            2.161000            5.826000            3.698000                null            0.073800            0.740000                null            1            3            3            1 
          242        6.927729      -17.363959      182.635833       39.405833          182.635090           39.407670            4.754000            4.594000            5.520000            5.505000            0.324000            0.126000            0.755000            0.957000            3            3            3            3 
          243        4.111405      -23.020190      183.262500        7.038889          183.262050            7.039940            3.300000            6.183000            9.900000            5.552000            0.328000            0.186000            0.848000            1.050000            3            3            3            1 
          244        8.482288        7.987324      184.291250        7.191667          184.291580            7.194000            0.326700            0.400900            0.949200            1.259000                null            0.049900            0.579000                null            1            3            1            1 
          245        4.110623      -22.708033       17.865000      -38.083333           17.864440          -38.082280            1.570000            1.181000            2.430000            1.380000                null            0.040900            0.360000                null            1            3            3            1 
          246        2.405985       36.422225      186.444583       12.662222          186.444990           12.662760            8.517000           10.350000           15.410000           14.400000            0.803000            0.637000            3.140000            1.480000            3            3            3            3 
          247        9.001907       43.405770      188.902500      -39.909167          188.904740          -39.907350            3.738000            4.370000            5.391000            3.265000            0.546000            0.117000            0.712000            0.707000            3            3            3            1 
          248        8.839114      134.395795      190.435417       35.062778          190.437560           35.061060            0.776400            1.641000            4.122000            4.720000                null            0.036100            0.279000                null            1            3            3            1 
          249        1.108985     -177.593067      193.052083      -13.414722          193.052070          -13.415030            1.133000            1.508000            3.356000            2.624000                null            0.113000            0.607000                null            1            3            3            1 
          250        4.325635      -14.702967      196.060000      -10.339722          196.059690          -10.338560            1.139000            2.541000            7.989000            6.611000                null            0.118000            0.590000            0.591000            1            3            3            3 
          253        2.920841      -15.690820      198.364583       36.593889          198.364310           36.594670           11.050000           21.990000           41.619999           41.979999            0.433000            0.456000            3.950000            1.840000            3            3            3            3 
          254        7.572153      -30.266335      200.248333        8.978333          200.247260            8.980150            1.606000            3.002000            5.013000            1.884000                null            0.262000            1.370000                null            1            3            3            1 
          255        3.789682     -152.581655       21.112083       33.799444           21.111500           33.798510            2.187000            2.533000            4.805000            2.389000            0.094700            0.107000            0.379000            2.140000            1            3            3            1 
          256        7.680746       24.521229      203.950833        2.998889          203.951720            3.000830            0.624600            0.784100            1.953000            0.975900                null            0.108000            1.380000                null            1            3            1            1 
          257        3.158394      117.124625      204.566667        4.542500          204.567450            4.542100            0.421200            0.415900            0.379400            1.704000                null            0.120000                null                null            1            3            1            1 
          259        1.201674      -56.686223      205.534583       35.654167          205.534240           35.654350            0.904800            0.690900            1.360000            0.142000                null            0.021400            0.488000                null            1            3            1            1 
          260        8.827549        7.697581      206.330000       41.712500          206.330440           41.714930            0.856700            1.640000            6.011000            5.127000                null            0.105000            0.595000            0.759000            1            3            3            1 
          261        6.065085      -39.499558      213.312083       -3.207500          213.311010           -3.206200            7.528000            8.413000            7.723000            5.429000            0.200000            0.302000            0.706000            0.890000            3            3            3            3 
          262        9.510031        6.756251      214.497917       25.136667          214.498260           25.139290            0.475500            1.073000            2.552000                null                null            0.237000            0.566000                null            1            3            1            1 
          263        5.367853       35.537734      216.095417       24.614167          216.096370           24.615380            4.337000            5.795000            7.135000            4.101000            0.247000            0.205000            0.435000            0.298000            3            3            3            1 
          264        5.473483       12.093898      218.467500        5.458333          218.467820            5.459820            1.342000            1.991000            6.332000            3.682000                null            0.096000            0.533000            1.110000            1            3            3            1 
          266        3.602465      -46.757342      220.599583      -17.253056          220.598820          -17.252370            7.135000           11.380000           11.850000           10.320000            0.233000            0.420000            0.851000            0.701000            3            3            3            3 
          268        5.202190      -67.723907      237.104167      -13.757778          237.102790          -13.757230            3.601000            4.580000            7.001000                null            0.572000            0.329000            2.190000            3.060000            1            3            3            1 
          270        5.102767       -1.886396      253.245417        2.400833          253.245370            2.402250           25.660000           23.180000           21.090000           18.299999            1.990000            0.433000            2.350000            5.290000            3            3            3            3 
          271        3.143112     -141.622506      259.247917      -62.820556          259.246730          -62.821240            8.359000           14.930000           28.370001           26.040001            0.673000            1.070000            3.260000            4.310000            3            3            3            3 
          272        2.519326      158.251264      270.030417       66.615000          270.031070           66.614350            2.018000            1.888000            2.727000            1.430000            0.037600            0.012300            0.074500            0.131000            3            3            3            1 
          273        1.560682      100.484793      295.669167      -10.323611          295.669600          -10.323690            4.070000            6.953000           13.340000           11.410000            0.501000            0.350000            2.150000            0.441000            3            3            3            3 
          274        6.062604        7.972695      302.195417      -61.100278          302.195900          -61.098610            0.555200            1.369000            3.756000            3.846000                null            0.073200            1.010000            1.110000            1            3            1            1 
          275        7.206657      -11.419668      330.507917      -31.869722          330.507450          -31.867760            4.856000            8.087000           11.630000           12.950000            0.513000            0.218000            1.050000            3.220000            3            3            3            3 
          276        2.238794      139.563136      332.317917      -47.166667          332.318510          -47.167140            1.516000            2.943000            8.316000            7.604000                null            0.146000            0.256000            0.994000            1            3            3            1 
          277        1.640342     -109.516079      345.504167       15.964722          345.503720           15.964570            2.640000            4.078000            5.065000            3.113000            0.282000            0.151000            0.817000            1.500000            1            3            3            1 
          278        4.323404      -10.427757      345.815000        8.873889          345.814780            8.875070           23.559999           27.690001           22.510000           18.350000            2.890000            1.740000            2.390000            4.260000            3            3            3            3 
          279        3.564707      170.917178      346.236250       12.322778          346.236410           12.321800           10.740000           14.140000           17.190001           17.730000            1.240000            0.353000            0.625000            2.440000            3            3            3            3 
          280        8.557573       -5.648988      349.597917      -42.370556          349.597600          -42.368190           53.119999           60.910000           51.490002           54.209999            1.720000            6.040000            1.940000            4.310000            3            3            3            3 
          281        7.796748     -133.795256      349.735833        0.243889          349.734270            0.242390            1.144000            1.340000            2.419000            1.330000                null            0.104000            0.825000                null            1            3            1            1 
          282        6.731769      -73.179458      352.194583        3.511389          352.192790            3.511930            7.052000            8.666000           10.830000            7.912000            0.407000            0.050200            0.985000            0.929000            3            3            3            1 
          284        4.644774      -44.936240       37.060417       31.311667           37.059350           31.312580            1.998000            2.430000            5.597000            4.806000            0.289000            0.064000            1.510000            0.564000            3            3            3            1 
          285        4.341789      -91.425446       38.657500       -8.787500           38.656280           -8.787530            0.771300            1.291000            2.204000            1.425000                null            0.016200            0.389000                null            1            3            1            1 
          293        4.146746      -20.505294       30.079583       24.473611           30.079140           24.474690            1.334000            2.168000            3.643000            4.288000            0.168000            0.079900            0.405000            0.136000            1            3            3            1 
          294        2.526921      103.548458       70.945000       28.971944           70.945780           28.971780            1.079000            1.581000            2.031000                null                null            0.079400                null                null            1            3            1            1 
          295        4.619229     -145.788706       98.196667       63.673611           98.195040           63.672550            1.518000            1.641000            5.001000            3.810000                null            0.180000            1.150000            0.796000            1            3            3            1 
          296        7.001275       32.390090      103.956250       40.000278          103.957610           40.001920            0.674700            0.385200            1.246000                null                null            0.023300                null                null            1            3            1            1 
          298        3.767308       72.002541      161.677083       25.931667          161.678190           25.931990            1.554000            1.643000            2.619000            1.003000                null            0.076300            1.200000                null            1            3            1            1 
          301        8.677041       -5.839743      198.822083       44.407222          198.821740           44.409620            1.652000            1.198000            1.945000            2.303000            1.580000            0.117000            0.223000            0.147000            1            3            1            1 
          302        7.877523       12.726474      253.078750       55.905556          253.079610           55.907690            0.265700            0.545600            1.976000            1.542000                null            0.072600            0.748000            1.140000            1            3            1            1 
          304        5.351432     -104.014983      343.582083       11.782500          343.580610           11.782140            0.312800            0.805200            2.378000            3.034000                null            0.030500            0.815000            0.138000            1            3            3            1 
          305        4.051453        5.006503      344.731250       40.931389          344.731380           40.932510            1.728000            1.284000            3.745000            2.860000                null            0.124000            0.614000                null            1            3            3            1 
          306        3.139727     -169.190007      355.481250       30.581667          355.481060           30.580810            0.393100            0.537800            0.998100            1.734000                null            0.142000                null                null            1            3            1            1 
          308        2.340516       79.861175       97.606667       63.678056           97.608110           63.678170            2.148000            1.675000            1.740000            0.750100            0.673000            0.049400                null                null            1            3            1            1 
          309        8.765026      -31.116432      190.357083      -57.834444          190.354720          -57.832360            0.144200            0.769200                null            0.150300                null            0.029300            1.160000                null            1            3            1            1 
          311        5.647699       31.799575      223.822500      -51.570833          223.823830          -51.569500            1.023000            1.105000            1.382000            1.812000            0.189000            0.086200            0.714000                null            1            3            1            1 
          312        8.827664     -140.260923      242.964167      -60.631944          242.960970          -60.633830            0.380900            0.245300            2.301000            0.117100                null                null            0.973000                null            1            1            3            1 
