# Searching for first_cat sources within 5.00000 arcsec of 314 input positions
# 
# 86 sources found
# 
#                                                                             FIRST Catalog Database (2014dec17)                                                                                    
#-------------------------------------------------------------------------------------------------------------------------------------------------------------------------------------------------------------
# Search     RA (2000)   Dec (2000)   Side   Peak     Int.     RMS   Deconv.  Deconv.  Deconv  Meas.     Meas.      Meas.    Field Name   SDSS Closest SDSS  SD 2MAS Closest 2MASS  Mean      Mean      RMS    
# Distance                            lobe   Flux     Flux    (mJy/   MajAx    MinAx   PosAng  MajAx     MinAx     PosAng                 Mtch  SDSS    i    Cl Mtch 2MASS    K     Epoch    Epoch     Epoch   
# (arcsec)                            Prob  (mJy/bm)  (mJy)   beam)  (arcsec) (arcsec) (deg)  (arcsec)  (arcsec)  (degrees)               <8"  Sep(")  (mag)    <8"  Sep(")  (mag) (year)    (MJD)     (MJD)   
#-------------------------------------------------------------------------------------------------------------------------------------------------------------------------------------------------------------
      0.6  17 43 17.347 +62 50 20.56 0.210     1.05     1.47  0.151     5.11     1.03  124.8      7.43      5.50      124.8 17420+63011J    5    0.64 14.19  g    1    0.57 12.86 2002.585 2452489.0     1.697
      1.2  09 29 37.768 +62 32 38.28 0.014     2.65     2.35  0.136     1.38     0.00   28.0      5.57      4.64       28.0 09300+62339R    1    0.83 13.51  g    1    0.87 12.21 2002.567 2452482.4     0.313
      0.5  09 01 58.419 +60 09 06.44 0.014    19.87    26.30  0.145     3.20     2.94   96.9      6.28      6.15       96.9 09000+60210J    1    0.29 13.10  g    1    0.31 10.89 2002.510 2452461.7     0.963
      0.7  14 36 22.072 +58 47 39.64 0.014     8.05     9.21  0.142     2.24     1.83   32.4      5.85      5.70       32.4 14360+58396J    2    0.26 13.46  g    1    0.20 10.90 2002.498 2452457.4     1.587
      0.6  15 35 52.421 +57 54 09.54 0.014     5.11     5.32  0.146     1.15     1.05  179.9      5.52      5.50      179.9 15360+58155J    1    0.16 14.42  g    1    0.19 12.18 2001.219 2451990.4     1.648
      0.4  16 52 18.884 +55 54 19.62 0.014     3.32     3.19  0.146     1.54     0.00  145.6      5.61      4.99      145.6 16540+55553G   -1   99.00 99.00  -    4    0.41 11.94 1997.381 2450588.7     0.456
      1.2  09 04 36.964 +55 36 01.94 0.014     1.28     1.35  0.097     3.27     0.00  161.9      6.31      4.88      161.9 09060+55553G    1    0.81 15.51  g    1    0.69 12.85 1997.945 2450794.3   216.663
      0.3  09 19 13.229 +55 27 55.13 0.014     1.98     2.50  0.107     4.79     0.00    3.7      7.22      5.08        3.7 09180+55098G    1    0.32 15.75  g    1    0.38 13.22 1997.996 2450813.1   218.706
      0.4  11 25 36.162 +54 22 56.89 0.016     1.15     1.53  0.150     4.84     0.00  177.5      7.25      5.38      177.5 11270+54251G    1    0.30 14.81  g    1    0.22 12.75 1997.431 2450607.0   100.780
      0.7  13 03 59.489 +53 47 29.34 0.782     1.10     1.23  0.153     3.51     0.00  127.9      6.44      5.06      127.9 13030+53420G    2    0.56 14.87  g    1    0.74 13.04 1997.351 2450577.6     1.642
      0.2  14 40 38.103 +53 30 15.78 0.014    57.59    59.21  0.141     1.09     0.67    0.0      5.51      5.44        0.0 14420+53420G    1    0.14 14.38  g    1    0.22 12.65 1997.347 2450576.1     0.464
      0.6  11 32 34.848 +53 04 04.56 0.014    10.24    10.55  0.132     1.00     0.87    0.0      5.49      5.47      180.0 11330+53003F    1    0.10 11.03  g    1    0.03 10.46 1997.343 2450574.7     0.287
      0.5  12 06 23.048 +52 42 39.73 0.014   162.38   223.42  0.148     3.75     2.84   33.0      6.57      6.10       33.0 12060+53003F    3    0.41 11.62  g    5    0.10  9.17 1997.338 2450573.0     0.737
      0.6  07 42 32.857 +49 48 35.14 0.014    10.04    14.86  0.138     4.40     3.04   33.4      6.97      6.20       33.4 07420+49440F    2    0.51 13.45  g    1    0.57 10.68 1997.295 2450557.1     1.185
      0.4  17 19 14.534 +48 58 49.24 0.014   145.66   158.66  0.138     1.99     1.15  126.9      5.75      5.52      126.9 17210+49069F   -1   99.00 99.00  -    1    0.26 11.50 1997.285 2450553.4     0.490
      0.3  12 18 57.533 +47 18 14.06 0.014     1.75     5.93  0.147     8.46     8.26   11.0     10.03      9.87       11.0 12180+47189F    1    0.37  9.66  g    3    0.48 10.07 1997.243 2450538.2     2.033
      0.3  12 09 14.113 +47 03 30.26 0.014     6.84     9.38  0.148     3.47     3.10   94.0      6.42      6.23       94.0 12090+47189F    1    0.18 13.56  g    1    0.20 12.03 1997.234 2450535.1     2.327
      0.5  12 03 09.594 +44 31 52.52 0.014    12.30    19.34  0.131     5.45     2.56   30.9      7.67      5.98       30.9 12030+44278F   -1   99.00 99.00  -    1    0.24 10.02 1997.160 2450508.0     0.345
      0.3  13 15 17.294 +44 24 25.72 0.014    11.08    11.80  0.129     1.65     1.03   18.9      5.65      5.50       18.9 13150+44278F    1    0.33 13.87  g    1    0.10 11.96 1997.159 2450507.4     1.382
      0.7  15 15 03.254 +42 02 59.45 0.014     9.57    10.35  0.155     1.76     1.30   74.7      5.68      5.55       74.7 15150+42170E    2    0.24 11.59  g    1    0.18 10.95 1995.120 2449762.3   199.239
      1.2  13 45 19.096 +41 42 44.65 0.014     5.27    10.41  0.134     6.89     3.77  100.8      8.75      6.59      100.8 13450+41450F    3    1.10 11.50  g    2    0.86 10.93 1994.757 2449630.0   160.366
      0.6  12 10 32.551 +39 24 20.99 0.014   290.78   331.29  0.140     2.77     0.90   77.6      6.07      5.47       77.6 12120+39393E    1    0.25 11.10  g    1    0.36  8.52 1994.620 2449579.6     1.168
      0.6  12 10 44.255 +38 20 09.75 0.014     5.66     5.88  0.138     1.98     0.00   31.0      5.75      5.27       31.0 12120+38071E    1    0.58 13.87  g    1    0.52 11.49 1994.597 2449571.4     0.324
      1.0  10 44 48.926 +38 10 52.55 0.014     7.03     9.66  0.130     4.48     1.86   95.2      7.02      5.71       95.2 10450+38071E    1    1.05 13.58  g    4    0.50 12.16 1994.594 2449570.5     0.326
      1.4  09 19 57.977 +37 11 27.63 0.014     2.87     4.37  0.147     4.94     2.77  129.3      7.32      6.07      129.3 09210+37065E    3    1.08 12.82  g    3    0.29 11.57 1994.560 2449557.8     0.624
      0.2  13 13 27.500 +36 35 38.16 0.014     8.74    23.64  0.159     7.50     6.62  135.6      9.24      8.54      135.6 13120+36364E    1    0.14 10.37  g    5    0.32  9.97 1994.544 2449552.2     2.843
      0.7  13 42 08.347 +35 39 15.44 0.014     2.60     2.90  0.131     1.97     1.66  179.6      5.75      5.65      179.6 13420+35367E    1    0.42 11.28  g    1    0.37 11.36 1994.511 2449539.9     1.119
      0.7  07 14 03.860 +35 16 45.47 0.014    17.55    20.67  0.189     2.40     2.16   15.7      5.91      5.81       15.7 07150+35071F   -1   99.00 99.00  -    1    0.07 10.88 1997.194 2450520.4     0.440
      0.7  12 41 44.533 +35 03 45.43 0.014     1.39     2.78  0.134     6.94     3.88    6.1      8.80      6.65        6.1 12420+35071E    1    0.53 12.28  g    1    0.72 11.98 1994.504 2449537.4     0.302
      1.2  11 39 42.521 +31 54 33.72 0.014    10.61    13.18  0.141     3.00     2.28   38.1      6.18      5.86       38.1 11390+31430E    3    0.07 12.01  g    1    0.30 10.86 1994.438 2449513.4     1.928
      0.6  12 04 43.342 +31 10 38.21 0.014     5.10     7.58  0.139     4.52     2.97   18.2      7.04      6.16       18.2 12060+31143E    3    0.33 12.91  g    2    0.44 11.73 1993.799 2449280.1   221.694
      0.6  12 18 26.516 +29 48 46.52 0.014    38.16    40.33  0.133     1.42     1.15  118.1      5.58      5.52      118.1 12180+29486E    2    0.04 12.67  g    4    0.11 10.76 1993.258 2449082.8     9.442
      0.6  11 48 45.943 +29 38 28.31 0.014     9.44    10.35  0.115     1.85     1.50   29.6      5.71      5.61       29.6 11480+29486E    1    0.26 13.53  g    2    0.16 11.60 1993.246 2449078.4    23.864
      0.8  08 00 20.980 +26 36 48.28 0.016     1.81     3.13  0.142     5.76     3.40  106.1      7.90      6.38      106.1 08000+26326E    1    0.55 12.99  g    4    0.24 11.69 1995.866 2450034.7     0.682
      0.2  10 46 42.502 +25 55 53.81 0.014     7.96     8.98  0.130     2.57     1.07   18.6      5.98      5.50       18.6 10480+26050E    2    0.30 13.24  g    1    0.14 11.47 1995.886 2450041.9     0.429
      2.2  14 17 59.480 +25 08 14.21 0.014    11.03    24.42  0.137     9.46     2.44  162.2     10.90      5.93      162.2 14180+25099E    1    1.76 12.08  g    1    1.87 10.14 1995.928 2450057.2     0.000
      0.3  14 24 22.912 +24 36 51.26 0.014    20.52    22.37  0.141     2.09     0.98   96.9      5.79      5.49       96.9 14240+24425E    1    0.54 12.67  g    1    0.40 11.87 1995.937 2450060.4     0.518
      0.4  09 42 04.772 +23 41 07.07 0.014     5.78     5.91  0.135     1.27     0.00   15.3      5.55      5.37       15.3 09420+23478E    1    0.31 13.94  g    1    0.10 12.06 1995.956 2450067.3     2.976
      0.7  07 59 53.454 +23 23 24.27 0.014     7.51    18.01  0.131     7.30     5.49    0.2      9.08      7.70        0.2 08000+23206E    1    0.46 13.19  g    1    0.12 11.70 1995.976 2450074.8     0.404
      0.3  09 27 18.514 +23 01 12.20 0.014     2.04     2.79  0.141     3.74     2.78   85.3      6.57      6.07       85.3 09270+22534E    2    0.20 12.91  g    1    0.37 11.91 1995.987 2450078.7     1.938
      0.3  09 23 43.000 +22 54 32.75 0.014     5.15     9.29  0.126     6.71     2.87   82.7      8.61      6.11       82.7 09240+22534E    3    0.14 13.72  g    3    0.21 11.33 1995.990 2450079.7     0.969
      1.9  11 36 29.267 +21 35 46.29 0.014     2.06     3.44  0.142     7.24     0.00  105.4      9.03      5.39      105.4 11360+21322G    4    2.69 24.36  s    1    1.56 11.37 1998.747 2451087.2     2.300
      0.6  12 04 29.717 +20 18 58.52 0.014     2.54     2.21  0.141     0.00     0.00  149.8      5.19      4.87      149.8 12030+20114H    1    0.79 13.33  g    1    0.85 11.41 1998.791 2451103.3     0.238
      0.5  10 23 30.583 +19 51 54.47 0.014    74.76    82.82  0.144     1.85     1.69    0.0      5.71      5.66        0.0 10240+19446R    2    0.35 15.82  g    1    0.25  9.92 1998.772 2451096.3     2.492
      0.9  13 44 15.641 +19 33 59.78 0.014     1.48     2.24  0.148     4.18     3.53    0.1      6.83      6.45        0.1 13450+19446H    1    0.35 13.78  g    1    0.37 12.69 1999.870 2451497.1    11.186
      0.5  09 18 26.009 +16 18 19.53 0.014     4.95     6.86  0.145     4.59     1.83  141.8      7.09      5.70      141.8 09180+16111I    1    0.19 14.18  g    1    0.22 10.70 1999.859 2451493.1     2.888
      1.8  12 25 46.751 +12 39 42.39 0.181    33.62    45.02  0.660     4.01     2.14   22.0      6.72      5.81       22.0 12270+12392R    1    0.52 10.90  g    2    0.89 11.07 2001.126 2451956.4   634.378
      3.5  23 04 56.618 +12 19 25.33 0.014     5.24    17.23  0.144    16.28     3.59  177.5     17.50      6.49      177.6 23045+12260W    1    2.95 11.51  g    2    1.21 11.27 2011.302 2455672.6    12.877
      0.7  22 23 45.045 +11 50 09.08 0.014     1.63     2.65  0.138     6.23     2.31   89.6      8.25      6.80       89.4 22225+11596W    1    0.44 14.11  g    3    0.47 12.28 2011.290 2455668.4     6.988
      1.0  22 54 19.637 +11 46 56.79 0.162     2.71     2.19  0.077     1.17     0.00   82.3      5.58      5.01       66.9 22555+11596W    1    0.47 14.24  g    2    0.46 12.93 2011.175 2455626.3     0.000
      0.3  13 09 05.582 +11 38 03.10 0.014     2.01     1.64  0.151     1.75     0.00   37.6      5.68      4.20       37.6 13090+11464I    1    0.33 12.69  g    2    0.31 12.18 2000.016 2451550.4     0.725
      0.3  11 01 01.782 +11 02 48.80 0.014     2.47     2.86  0.141     3.16     0.00   78.1      6.26      5.38       78.1 11000+10536I    1    0.16 14.63  g    1    0.02 12.37 2000.026 2451554.1     0.722
      0.1  08 04 46.393 +10 46 35.89 0.014    20.15    21.90  0.142     1.84     1.31  138.9      5.70      5.56      138.9 08060+10536I    4    0.33 13.28  g    3    0.05 12.12 2000.024 2451553.3     0.936
      0.8  11 13 49.749 +09 35 10.58 0.014    14.75    37.60  0.153     8.77     4.79   51.8     10.30      7.22       51.8 11150+09347I    1    0.16 13.07  g    2    0.09 11.97 2000.048 2451562.2     1.340
      0.5  13 20 59.568 +08 58 41.99 0.014    83.57    92.97  0.152     2.16     1.40   24.1      5.81      5.58       24.1 13210+09084I    2    0.29 13.05  g    1    0.33 12.01 2000.058 2451565.7     0.921
      0.2  23 03 15.607 +08 52 26.14 0.014   110.59   145.68  0.124     3.39     3.19   50.0      7.19      6.33        3.3 23045+08553T    2    0.20 12.22  g    1    0.28  9.76 2009.292 2454938.9    22.425
      0.4  08 03 27.415 +08 41 52.31 0.014     2.09     2.34  0.139     2.31     1.35   25.7      5.88      5.57       25.7 08030+08421I    3    0.51 14.62  g    1    0.49 12.71 2000.061 2451566.7     0.610
      1.1  22 40 17.053 +08 03 13.25 0.014     8.27     8.21  0.118     1.00     0.00   28.8      6.44      5.32        4.2 22405+08027T    1    0.34 13.63  g    1    0.34 11.55 2009.334 2454954.4     3.164
      0.6  12 17 09.865 +07 11 29.73 0.014     4.66     5.10  0.144     2.05     1.17   49.9      5.78      5.53       49.9 12180+07233R    3    0.33 11.30  g    1    0.26 11.00 2000.091 2451577.9     1.410
      0.6  12 13 03.043 +07 02 20.00 0.014     4.63    19.20  0.148    13.44     6.35   33.7     14.48      8.34       33.7 12120+06571I    1    0.16 11.86  g    4    0.24 11.50 2000.094 2451579.0     1.429
      0.8  12 00 57.956 +06 48 23.00 0.014     3.80     5.18  0.142     4.13     2.27  178.8      6.80      5.86      178.8 12000+06571I    1    0.35 13.66  g    1    0.41 12.36 2000.099 2451580.9     0.555
      0.9  01 06 45.245 +06 38 01.63 0.014     2.55     1.77  0.150     0.00     0.00   89.9      4.91      4.90       78.7 01075+06440T    1    0.35 14.26  g    1    0.27 13.22 2009.256 2454925.9    21.591
      0.3  03 30 52.183 +05 38 25.97 0.014     3.10     3.60  0.166     3.29     0.73  127.7      6.89      5.83      156.3 03315+05256W    1    0.53 15.45  g    1    0.26 12.67 2011.295 2455670.3     3.114
      1.4  14 33 52.291 +05 27 30.31 0.014     4.63    11.03  0.146     7.45     5.28   10.2      9.20      7.55       10.2 14330+05386I    1    0.21 12.78  g    4    0.27 11.58 2000.114 2451586.1     0.323
      1.8  13 38 15.886 +04 32 33.65 0.014    11.69    12.60  0.150     2.60     0.00  168.8      6.90      5.40      175.9 13390+04203I    1    0.28 12.22  g    2    0.39 11.80 2000.975 2451901.5   147.657
      0.5  15 05 56.572 +03 42 26.35 0.014     7.52     8.83  0.149     3.14     1.30  113.4      6.72      6.04      158.2 15060+03542I    1    0.28 13.58  g    1    0.26 12.07 1998.550 2451015.3    28.656
      1.1  23 28 46.642 +03 30 41.75 0.014    12.60    26.56  0.121     6.90     5.43  132.6      9.17      7.95      149.8 23285+03412T    2    0.72 12.38  g    1    0.69 11.34 2009.211 2454909.5     6.533
      0.6  13 35 48.239 +02 59 56.17 0.014     4.99     6.66  0.139     3.74     2.98  127.0      7.23      6.38      167.3 13360+03020G    4    0.13 12.49  g    1    0.14 12.10 1998.527 2451006.7     0.572
      0.9  13 49 52.850 +02 04 45.47 0.014     1.34     0.85  0.147     0.00     0.00   85.5      5.03      4.38        4.3 13510+02100G    1    0.35 14.61  g    1    0.35 11.88 1998.547 2451014.0     0.988
      0.4  03 17 02.197 +01 15 18.44 0.014    23.12    27.00  0.152     3.18     1.65    1.6      7.15      5.65        0.6 03165+01050E    2    0.57 14.22  g    2    0.50 11.79 1995.782 2450004.0     2.684
      0.9  23 18 56.663 +00 14 38.01 0.014    19.09    21.10  0.101     2.39     1.45    6.0      6.83      5.59        1.4 23195+00130Z    1    0.12 14.44  g    1    0.21 10.15 1999.190 2451248.9  1229.764
      0.3  02 06 15.994 -00 17 29.25 0.014     2.96     3.36  0.101     2.94     1.16   37.6      6.91      5.69       13.6 02075-00130Z    1    0.14 13.23  g    1    0.11 11.62 2002.564 2452481.5  1999.452
      0.7  02 14 33.557 -00 46 00.14 0.014     6.83     9.90  0.142     4.35     3.38   71.0      7.35      6.82       19.1 02135-00390Z    2    0.07 12.39  g    1    0.15 10.58 2002.570 2452483.7  2340.637
      0.9  03 03 49.157 -01 06 12.92 0.014     1.51     1.49  0.147     2.71     0.00   88.9      6.04      5.64       86.2 03045-01050E    2    0.94 11.98  g    1    0.88 11.13 1995.880 2450039.9     0.576
      0.7  14 13 14.877 -03 12 27.56 0.014   315.24   337.87  0.126     1.61     1.52   50.3      6.59      5.62        0.6 14120-03020R    1    0.24 11.37  g    1    0.14  9.04 1998.698 2451069.4     0.226
      0.7  01 52 49.042 -03 26 48.77 0.014    14.33    15.06  0.173     1.59     0.86   84.9      6.46      5.63        0.9 01525-03151T    6    2.48 12.89  g    2    0.44 11.73 2009.286 2454936.8     6.513
      1.0  10 21 40.223 -03 27 13.08 0.014     2.17     1.42  0.155     0.00     0.00   72.2      5.22      4.37       11.0 10210-03281G    0   99.00 99.00  -    1    0.95 12.35 1998.691 2451066.7     2.062
      0.5  12 01 14.365 -03 40 40.89 0.014     2.70     3.09  0.135     3.39     0.46  156.2      7.17      5.51      168.4 12000-03281R    1    0.29 14.10  g    1    0.06 12.61 2001.879 2452231.3   900.871
      1.0  11 52 38.172 -05 12 25.05 0.014     6.74     7.76  0.156     2.93     1.49   38.3      6.91      5.76       12.5 11540-05125I   -1   99.00 99.00  -    1    0.23 11.89 2001.285 2452014.5     3.473
      0.3  13 04 13.081 -05 33 05.86 0.014    12.16    11.99  0.267     1.22     0.00   13.1      6.51      5.24        2.9 13030-05386M   -1   99.00 99.00  -    1    0.42 11.27 2001.301 2452020.3     1.607
      1.3  02 01 06.454 -06 48 57.03 0.014     3.70     3.04  0.151     0.67     0.00   89.1      5.44      5.21       84.9 02015-06440T    1    0.13 11.41  g    1    0.10 11.39 1997.391 2450592.0     2.296
      0.7  09 51 55.048 -06 49 22.89 0.014     1.13     1.48  0.120     5.13     0.77   14.7      8.17      5.50       10.1 09510-06571I   -1   99.00 99.00  -    2    0.39 11.95 2001.363 2452042.9     7.938
      0.2  02 41 04.810 -08 15 20.81 0.014  1001.45  1052.96  0.159     1.45     1.14   85.3      6.50      5.59        0.3 02405-08027T    1    0.13  9.89  g    1    0.32  9.81 1997.177 2450514.1    10.517
      0.3  02 52 23.415 -08 30 36.85 0.014     6.55     6.58  0.142     1.14     0.00  117.5      6.36      5.46      174.7 02525-08290T    1    0.65 13.21  g    2    0.67 11.79 1997.131 2450497.5     0.000
      0.5  23 04 43.483 -08 41 08.59 0.014    17.69    22.48  0.160     4.07     1.54   56.4      7.20      6.10       32.2 23045-08290T    1    0.09 13.39  g    1    0.10 11.51 1997.139 2450500.2     2.873
      1.4  02 34 37.863 -08 47 15.99 0.014     4.79     5.69  0.151     3.93     0.00  105.7      6.82      6.02      124.3 02345-08553T    2    0.34 13.93  g    1    0.56 10.99 1997.145 2450502.6     2.074
           00 06 19.500 +20 12 10.00                         -1.000*
           00 25 32.900 +68 21 44.00                         -1.000*
           00 36 21.000 +45 39 54.00                         -1.000*
           00 42 52.800 -23 32 28.00                         -1.000*
           00 43 08.800 -11 36 04.00                         -1.000*
           00 48 47.100 +31 57 25.00                         -1.000*
           00 51 35.000 +29 24 05.00                         -1.000*
           00 59 53.300 +31 49 37.00                         -1.000*
           01 00 35.000 -47 52 04.00                         -1.000*
           01 05 26.800 -42 12 58.00                         -1.000*
           01 07 39.600 -11 39 12.00                         -1.000*
           01 11 27.600 -38 05 00.00                         -1.000*
           01 13 51.000 +13 16 18.00                         -1.000*
           01 14 07.000 -32 39 03.00                         -1.000*
           01 23 45.800 -58 48 21.00                         -1.000*
           01 23 54.400 -35 03 56.00                         -1.000*
           01 24 26.900 +33 47 58.00                         -1.000*
           01 27 32.600 +19 10 44.00                         -1.000*
           01 28 06.700 -18 48 31.00                         -1.000*
           01 29 51.200 -42 19 35.00                         -1.000*
           01 38 37.200 -40 00 41.00                         -1.000*
           02 00 19.100 +24 28 25.00                         -1.000*
           02 09 31.300 -10 09 31.00                          0.141 
           02 09 34.300 +52 26 33.00                         -1.000*
           02 10 52.500 -49 41 55.00                         -1.000*
           02 28 14.500 +31 18 42.00                         -1.000*
           02 31 51.000 -36 40 19.00                         -1.000*
           02 38 19.700 -52 11 33.00                         -1.000*
           02 41 34.900 +07 11 14.00                          0.297 
           02 44 47.700 -24 30 50.00                         -1.000*
           02 44 57.700 +62 28 07.00                         -1.000*
           02 50 40.500 +41 40 17.00                         -1.000*
           02 50 42.600 +54 42 18.00                         -1.000*
           02 51 40.300 -16 39 04.00                         -1.000*
           02 56 21.500 -32 11 08.00                         -1.000*
           03 00 04.300 -10 49 29.00                         -1.000*
           03 07 35.300 -72 50 03.00                         -1.000*
           03 25 13.200 +40 41 55.00                         -1.000*
           03 31 23.000 -05 08 30.00                         -1.000*
           03 33 36.400 -36 08 25.00                         -1.000*
           03 34 24.500 -15 13 40.00                         -1.000*
           03 42 03.700 -21 14 39.00                         -1.000*
           03 45 12.500 -39 34 29.00                         -1.000*
           03 50 23.800 -50 18 36.00                         -1.000*
           03 53 42.500 +37 14 07.00                         -1.000*
           03 54 09.500 +02 49 31.00                         -1.000*
           04 02 25.700 -18 02 51.00                         -1.000*
           04 14 52.700 -07 55 40.00                         -1.000*
           04 18 21.300 +38 01 36.00                         -1.000*
           04 22 24.200 -56 13 33.00                         -1.000*
           04 23 40.800 +04 08 02.00                         -1.000*
           04 33 11.100 +05 21 16.00                         -1.000*
           04 36 22.200 -10 22 34.00                         -1.000*
           04 38 14.200 -10 47 45.00                         -1.000*
           04 41 54.100 -08 26 34.00                         -1.000*
           04 43 46.800 +28 58 19.00                         -1.000*
           04 44 09.000 +28 13 01.00                         -1.000*
           04 51 41.500 -03 48 33.00                         -1.000*
           04 52 05.000 +49 32 45.00                         -1.000*
           04 53 25.800 +04 03 42.00                         -1.000*
           04 55 59.000 -75 32 28.00                         -1.000*
           05 02 09.000 +03 31 50.00                         -1.000*
           05 05 45.700 -23 51 14.00                         -1.000*
           05 08 19.700 +17 21 48.00                         -1.000*
           05 10 45.500 +16 29 56.00                         -1.000*
           05 11 57.800 -18 29 38.00                         -1.000*
           05 16 11.400 -00 08 59.00                         -1.000*
           05 16 21.200 -10 33 41.00                         -1.000*
           05 19 35.800 -32 39 28.00                         -1.000*
           05 19 49.700 -45 46 44.00                         -1.000*
           05 24 06.500 -12 10 00.00                         -1.000*
           05 26 27.300 -21 17 12.00                         -1.000*
           05 52 11.400 -07 27 22.00                         -1.000*
           05 54 53.600 +46 26 22.00                         -1.000*
           05 58 02.000 -38 20 05.00                         -1.000*
           06 02 10.700 +28 28 22.00                         -1.000*
           06 05 41.600 -86 37 55.00                         -1.000*
           06 23 45.600 -60 58 44.00                         -1.000*
           06 23 46.400 -32 13 00.00                         -1.000*
           06 26 58.600 -37 05 59.00                         -1.000*
           06 30 25.600 +63 40 41.00                         -1.000*
           06 32 47.200 +63 40 25.00                         -1.000*
           06 40 11.700 -25 53 43.00                         -1.000*
           06 41 18.000 +32 49 32.00                         -1.000*
           06 52 12.300 +74 25 37.00                         -1.000*
           06 55 49.500 +40 00 01.00                         -1.000*
           06 56 12.000 -49 19 50.00                         -1.000*
           07 26 26.400 -35 54 22.00                         -1.000*
           07 43 14.700 -25 45 50.00                         -1.000*
           07 44 07.000 +29 14 57.00                          0.146 
           07 47 29.100 +60 56 01.00                          0.149 
           07 59 41.700 -38 43 57.00                         -1.000*
           08 01 58.000 -49 46 42.00                         -1.000*
           08 04 05.900 +05 06 50.00                         -1.000*
           08 23 01.100 -04 56 05.00                         -1.000*
           08 38 30.800 -35 59 33.00                         -1.000*
           08 55 12.500 +64 23 46.00                          0.146 
           08 55 37.700 +78 13 23.00                         -1.000*
           09 02 37.300 -48 13 34.00                         -1.000*
           09 20 46.200 -08 03 22.00                         -1.000*
           09 23 53.700 -31 41 31.00                         -1.000*
           09 25 47.500 +69 27 53.00                         -1.000*
           09 34 43.600 -21 55 40.00                         -1.000*
           09 36 06.300 -65 48 33.00                         -1.000*
           09 45 42.100 -14 19 35.00                         -1.000*
           09 47 40.200 -30 56 55.00                         -1.000*
           09 59 29.500 -22 49 35.00                         -1.000*
           09 59 42.600 -31 12 58.00                         -1.000*
           10 05 55.400 -23 03 25.00                         -1.000*
           10 09 48.200 -42 48 40.00                         -1.000*
           10 13 19.900 -35 58 58.00                         -1.000*
           10 31 52.100 -34 51 13.00                         -1.000*
           10 40 22.500 -46 25 26.00                         -1.000*
           10 43 26.500 +11 05 24.00                          0.133 
           10 44 08.500 +70 24 19.00                         -1.000*
           10 48 23.500 -25 09 43.00                         -1.000*
           10 49 30.900 +22 57 52.00                          0.144 
           10 51 15.000 -17 00 29.00                         -1.000*
           11 06 47.500 +72 34 07.00                         -1.000*
           11 27 23.400 -29 15 27.00                         -1.000*
           11 32 49.300 +10 17 47.00                          0.150 
           11 36 42.000 -60 03 07.00                         -1.000*
           11 39 01.800 -37 44 19.00                         -1.000*
           11 44 29.900 +36 53 09.00                          0.206 
           11 45 16.000 +79 40 53.00                         -1.000*
           11 45 40.500 -18 27 16.00                         -1.000*
           12 02 47.600 -53 50 08.00                         -1.000*
           12 09 29.800 +43 41 07.00                          0.203 
           12 17 55.000 +58 39 35.00                          0.204 
           12 23 24.100 +02 40 45.00                          0.153 
           12 31 37.200 -47 58 02.00                         -1.000*
           12 33 51.400 -21 03 45.00                         -1.000*
           12 35 36.600 -39 54 33.00                         -1.000*
           12 38 54.600 -27 18 28.00                         -1.000*
           12 39 06.300 -16 10 47.00                         -1.000*
           12 39 51.700 +34 58 30.00                          0.142 
           12 41 25.700 -57 50 04.00                         -1.000*
           12 47 57.800 -58 30 00.00                         -1.000*
           12 52 12.500 -13 24 53.00                         -1.000*
           13 00 19.100 -08 05 15.00                         -1.000*
           13 04 14.400 -10 20 23.00                         -1.000*
           13 06 26.100 -40 24 53.00                         -1.000*
           13 13 05.800 -11 07 42.00                         -1.000*
           13 22 24.500 -16 43 42.00                         -1.000*
           13 25 27.600 -43 01 09.00                         -1.000*
           13 31 13.900 -25 24 10.00                         -1.000*
           13 33 26.100 -34 00 53.00                         -1.000*
           13 34 39.600 -23 26 48.00                         -1.000*
           13 35 53.700 -34 17 44.00                         -1.000*
           13 41 12.900 -14 38 41.00                         -1.000*
           13 47 36.000 -60 37 04.00                         -1.000*
           13 49 19.300 -30 18 34.00                         -1.000*
           13 51 29.500 -18 13 47.00                         -1.000*
           13 53 03.400 +69 18 30.00                         -1.000*
           13 56 36.700 -19 31 45.00                         -1.000*
           14 08 06.800 -30 23 54.00                         -1.000*
           14 19 22.400 -26 38 41.00                         -1.000*
           14 34 52.400 +48 39 43.00                          0.133 
           14 42 23.900 -17 15 11.00                         -1.000*
           14 51 33.100 -55 40 38.00                         -1.000*
           14 53 07.900 +25 54 33.00                          0.139 
           14 55 17.400 -51 34 15.00                         -1.000*
           14 57 41.200 -43 07 56.00                         -1.000*
           15 04 01.200 +10 26 16.00                          0.267 
           15 06 44.100 +03 51 44.00                          0.148 
           15 11 59.800 -21 19 02.00                         -1.000*
           15 19 33.700 +65 35 59.00                         -1.000*
           15 33 20.700 -08 42 02.00                         -1.000*
           15 35 52.800 -57 50 55.00                         -1.000*
           15 46 24.300 +69 29 10.00                         -1.000*
           15 48 25.000 -13 45 28.00                         -1.000*
           16 11 51.400 -60 37 55.00                         -1.000*
           16 18 36.400 -59 27 17.00                         -1.000*
           16 19 19.300 +81 02 48.00                         -1.000*
           16 29 48.300 +67 22 42.00                         -1.000*
           16 35 14.100 -58 04 48.00                         -1.000*
           16 48 15.300 -30 35 04.00                         -1.000*
           16 50 42.700 +04 36 18.00                         -1.000*
           16 52 46.100 -59 13 07.00                         -1.000*
           16 52 58.900 +02 24 03.00                         -1.000*
           17 16 59.500 -62 49 14.00                         -1.000*
           17 23 25.200 +36 30 25.00                          0.140 
           17 37 28.400 -29 08 03.00                         -1.000*
           17 37 39.100 -59 56 27.00                         -1.000*
           17 41 55.300 -12 11 57.00                         -1.000*
           17 48 55.100 -32 54 52.00                         -1.000*
           18 00 07.300 +66 36 54.00                         -1.000*
           18 02 47.300 -14 54 55.00                         -1.000*
           18 16 11.500 +42 39 37.00                         -1.000*
           18 24 19.400 -56 22 09.00                         -1.000*
           18 36 58.300 -59 24 09.00                         -1.000*
           18 38 20.300 -65 25 39.00                         -1.000*
           18 44 54.000 -62 21 53.00                         -1.000*
           18 45 26.200 +72 11 02.00                         -1.000*
           18 57 07.800 -78 28 21.00                         -1.000*
           19 05 25.900 +42 27 40.00                         -1.000*
           19 21 14.100 -58 40 13.00                         -1.000*
           19 37 33.000 -06 13 05.00                         -1.000*
           19 38 04.400 -51 09 50.00                         -1.000*
           19 42 40.600 -10 19 25.00                         -1.000*
           20 00 55.700 -18 10 27.00                         -1.000*
           20 06 57.700 -34 32 58.00                         -1.000*
           20 08 46.900 -61 06 01.00                         -1.000*
           20 10 17.400 +48 00 21.00                         -1.000*
           20 18 38.700 +40 41 00.00                         -1.000*
           20 26 55.900 -02 16 39.00                         -1.000*
           20 28 35.100 +25 44 00.00                         -1.000*
           20 44 09.700 -10 43 25.00                         -1.000*
           20 52 02.300 -57 04 08.00                         -1.000*
           21 02 23.800 -28 10 29.00                         -1.000*
           21 09 10.000 -09 40 15.00                         -1.000*
           21 32 02.200 -33 42 54.00                         -1.000*
           21 35 54.000 +47 28 22.00                         -1.000*
           21 38 33.400 +32 05 06.00                         -1.000*
           22 02 01.900 -31 52 11.00                         -1.000*
           22 09 16.300 -47 10 00.00                         -1.000*
           22 27 05.800 +36 21 42.00                         -1.000*
           22 34 49.800 -25 40 37.00                         -1.000*
           22 58 55.500 +40 55 53.00                         -1.000*
           22 59 32.900 +24 55 06.00                         -1.000*
           23 02 01.000 +15 57 53.00                         -1.000*
           23 07 02.900 +04 32 57.00                          0.086 
           23 18 23.500 -42 22 14.00                         -1.000*
           23 25 24.200 -38 26 49.00                         -1.000*
           23 27 22.000 +15 24 37.00                         -1.000*
           23 30 37.700 +71 22 46.00                         -1.000*
           23 33 55.200 -23 43 41.00                         -1.000*
           23 41 55.500 +30 34 54.00                         -1.000*