     cntr_01         dist_x         pang_x          ra_01         dec_01   fnu_12   fnu_25   fnu_60  fnu_100 fqual_12 fqual_25 fqual_60 fqual_100 relunc_12 relunc_25 relunc_60 relunc_100
            1       63.318237      128.294729       70.475417       -8.442778 2.893e-01 2.500e-01 8.563e-01 1.585e+00        1        1        3         1         0         0        17          0 
            3       17.080054     -104.060540      265.480417      -12.199167 3.612e-01 3.488e-01 5.288e-01 3.340e+00        1        1        3         1         0         0        11          0 
            4        3.764955       68.275028      119.923750      -38.732500 2.500e-01 2.407e-01 4.000e-01 2.149e+00        1        3        1         1         0        10         0          0 
            7       17.324168       49.235923        6.387083       68.362222 3.813e-01 2.054e-01 4.954e-01 9.198e+00        1        3        1         1         0        16         0          0 
            9       14.227812     -108.054716       16.915000      -11.653333 3.035e-01 3.214e-01 5.298e-01 1.000e+00        1        1        3         1         0         0        10          0 
           11       38.028415       60.406426       53.602083      -15.227778 5.904e-01 6.748e-01 7.390e-01 1.899e+00        1        1        3         1         0         0        12          0 
           15       19.421586     -120.119173       65.920000        4.133889 2.624e-01 2.176e-01 5.915e-01 9.680e-01        1        2        3         2         0        14         6         11 
           16       46.474232       85.287635       71.037500       28.216944 2.500e-01 3.106e-01 9.114e-01 3.754e+00        1        2        3         3         0        33         8         10 
           19       17.318742      -71.489156       89.508333      -38.334722 5.318e-01 6.914e-01 4.173e-01 1.000e+00        3        3        1         1         6         7         0          0 
           21       23.316152      111.815302      104.050000      -49.330556 2.500e-01 3.688e-01 4.620e-01 1.137e+00        1        3        1         1         0         8         0          0 
           22       22.742878      -77.992668      111.610000      -35.906111 2.966e-01 8.698e-01 1.540e+00 3.028e+00        3        3        3         3        20         7         7          7 
           23       31.383550      -80.570342      119.972917       23.390000 2.500e-01 4.726e-01 1.558e+00 3.720e+00        1        1        3         3         0         0         9         10 
           30        1.363640      135.457187      149.927500      -31.216111 3.010e-01 2.785e-01 3.191e-01 1.033e+00        1        3        2         1         0        13        15          0 
           31        7.021359      -43.653972      160.093750      -46.423889 2.500e-01 3.152e-01 8.670e-01 1.898e+00        1        3        2         1         0        63        13          0 
           34        2.270023       -8.459917      187.905000      -47.967222 2.500e-01 3.324e-01 1.260e+00 2.016e+00        1        3        3         3         0        10         8         10 
           42        3.777720     -112.123153      227.999167      -21.317222 4.148e-01 6.370e-01 1.614e+00 1.748e+00        1        3        3         3         0        15         9          7 
           46        4.782106     -108.183504      294.387500       -6.218056 4.740e-01 1.111e+00 2.975e+00 5.054e+00        3        3        3         3         6         8         9          8 
           48        6.904565       87.749281      300.232083      -18.174167 3.564e-01 6.903e-01 9.208e-01 1.212e+00        2        3        3         3        17         9         9         13 
           54        9.174925       30.358668       42.677500       54.705000 2.914e-01 2.500e-01 1.171e+00 2.718e+00        1        1        3         3         0         0         8         11 
           56        1.977056     -175.970806       68.296250        5.354444 3.300e-01 7.077e-01 1.315e+00 2.644e+00        3        3        3         3        16         9         7          7 
           57       28.790727      127.059510      206.900000      -60.617778 3.649e-01 8.829e-01 3.703e+00 1.817e+01        3        3        2         3        10        10        12         15 
           58       81.993807     -152.367669       96.744167      -37.099722 4.222e-01 2.500e-01 4.000e-01 1.000e+00        3        1        1         1         6         0         0          0 
           60       14.527255      -82.112158       79.047500       -0.149722 3.968e-01 4.733e-01 6.572e-01 1.296e+00        1        3        3         3         0        10        10         11 
           66       13.478839      -76.723730      201.365000      -43.019167 1.114e+01 1.499e+01 1.715e+02 3.376e+02        3        3        3         3         4         8         9          8 
           68       13.487164     -109.506860      145.520000       23.685278 2.779e-01 4.326e-01 6.322e-01 1.058e+00        1        1        3         1         0         0         8          0 
           72       68.597105     -133.313975      229.890417       65.599722 2.500e-01 1.268e-01 4.331e-01 1.490e+00        1        2        2         3         0        20        17         14 
           73        3.003781      127.570356      281.359167       72.183889 2.500e-01 2.579e-01 9.504e-01 9.669e-01        1        3        3         2         0        12         7         10 
           75        5.967173     -113.828597       73.357500        4.061667 2.744e-01 5.844e-01 6.603e-01 1.000e+00        2        3        3         1        12        10        11          0 
           76       19.345674       38.277975       77.082083       17.363333 3.597e-01 1.328e+00 1.040e+01 1.443e+01        3        3        3         3        22        18         9         19 
           79        1.076883      118.618938       91.423333      -86.631944 5.912e-01 7.299e-01 7.694e+00 2.028e+01        3        3        3         3         6         5         6          6 
           81        1.352405     -128.252017       73.995833      -75.541111 3.921e-01 4.447e-01 6.956e-01 1.552e+00        3        3        3         3       116         6         5         13 
           82        2.516362      135.836117      279.584583      -65.427500 5.768e-01 2.357e+00 2.267e+00 1.236e+00        3        3        3         2         9         6         9         11 
           84        8.430367      -90.700028      248.808750      -58.080000 2.896e-01 7.431e-01 2.277e+00 2.062e+01        3        3        3         1         7         5         5          0 
           85        8.759574      105.290545      264.412917      -59.940833 2.500e-01 2.711e-01 6.121e-01 1.846e+00        1        1        3         3         0         0        11         10 
           86        1.427057       84.866369      290.308750      -58.670278 2.483e-01 3.540e-01 6.178e-01 4.763e+00        2        3        3         1         8         9         7          0 
           89        4.089800     -143.790290       32.718750      -49.698611 2.500e-01 1.708e-01 5.802e-01 1.434e+00        1        3        3         3         0        14         8          8 
           91       16.273325      -51.270739      120.491667      -49.778333 1.981e-01 4.441e-01 9.771e-01 1.036e+01        2        3        3         1        11        12        13          0 
           92        1.497155       30.547869       22.463333      -42.326389 2.500e-01 2.500e-01 1.160e+00 2.615e+00        1        1        3         3         0         0         8          8 
           94       52.613889     -119.331690       24.655000      -40.011389 3.861e-01 2.500e-01 6.049e-01 2.239e+00        1        1        3         3         0         0        12         11 
           95        7.611818      -61.564091      196.608750      -40.414722 6.761e-01 1.244e+00 5.514e+00 8.941e+00        3        3        3         3         6         8         9          9 
           96       18.165383      -89.893400       79.899167      -32.657778 2.500e-01 5.878e-01 1.485e+00 2.018e+00        1        3        3         3         0         8         8          7 
           98        2.980577     -155.602290      203.358750      -34.014722 2.500e-01 3.902e-01 6.549e-01 1.000e+00        1        3        3         1         0        12         9          0 
           99        5.632970       38.823166      301.740417      -34.549444 3.480e-01 3.130e-01 6.392e-01 1.147e+00        1        1        3         1         0         0         8          0 
          101       66.776651       91.727999       95.943333      -32.216667 3.523e-01 2.065e-01 4.839e-01 3.021e+00        1        3        1         1         0        47         0          0 
          102        9.893877      130.818029      171.847500      -29.257500 2.500e-01 2.941e-01 6.563e-01 1.207e+00        1        2        3         1         0        15        10          0 
          105        4.316425      -68.695812      100.048750      -25.895278 2.561e-01 7.239e-01 1.895e+00 2.277e+00        1        3        3         3         0         8         8          8 
          109       13.560061      100.505042      203.665000      -23.446667 9.761e-01 6.296e-01 9.087e-01 1.656e+00        1        1        3         3         0         0        10         14 
          110       26.716108      132.948119      214.843333      -26.644722 2.500e-01 3.288e-01 4.355e-01 2.083e+00        1        1        3         3         0         0        12         12 
          112        1.252817     -110.985979       55.515417      -21.244167 3.906e-01 2.500e-01 6.393e-01 1.889e+00        1        1        3         3         0         0         8          9 
          113        3.150780       43.711600       60.607083      -18.047500 2.500e-01 4.667e-01 2.744e+00 5.218e+00        1        3        3         3         0         8         8          9 
          116        9.508665     -143.227077      143.681667      -21.927778 2.500e-01 4.331e-01 2.658e+00 5.105e+00        1        3        3         3         0        11         9          9 
          118       15.627979      116.913454      129.628333      -35.992500 2.500e-01 5.970e-01 1.087e+00 1.550e+00        1        3        3         1         0        10         9          0 
          119       37.474482      126.543404      125.754583       -4.934722 2.500e-01 2.500e-01 8.350e-01 2.394e+00        1        1        3         2         0         0        11         10 
          120        6.789399       85.946580      279.242917      -59.402500 5.918e-01 1.373e+00 3.206e+00 4.253e+00        3        3        3         3         7         8         9         10 
          121       46.312253      -95.410376      281.225000      -62.364722 3.813e-01 8.613e-01 1.997e+00 2.623e+00        3        3        3         3         8        28         8         20 
          123        6.548272       98.876410       41.240417       62.468611 5.931e-01 8.879e-01 7.709e-01 3.230e+01        3        2        1         1         8        11         0          0 
          124        5.506686      -75.185070      120.087500       26.613611 2.500e-01 4.378e-01 9.856e-01 1.515e+00        1        3        3         1         0        12         8          0 
          125       10.296833       46.191297       18.529167      -32.650833 2.500e-01 3.722e-01 2.766e+00 7.636e+00        1        1        3         3         0         0        12         12 
          126        4.815526      -48.532961       37.962500      -36.671944 2.500e-01 4.230e-01 1.420e+00 2.395e+00        1        3        3         3         0         7         7          6 
          127        7.994996     -120.839059      139.991667       37.191389 2.500e-01 2.500e-01 1.278e+00 3.201e+00        1        1        3         3         0         0         9         10 
          128        5.896607      129.840306      168.457083        9.586389 2.500e-01 3.628e-01 1.949e+00 3.423e+00        1        1        3         3         0         0        11         12 
          130       33.692193      -68.104646      207.330417      -30.309444 1.050e+00 2.250e+00 2.041e+00 1.619e+00        3        3        3         3         6         8         9         10 
          131       18.058501       99.224334      224.421667      -43.132222 3.397e-01 1.316e+00 7.768e+00 1.400e+01        3        3        3         3         8         7         8          8 
          132        4.994100      -38.190545      276.080833      -56.369167 2.698e-01 2.570e-01 7.014e-01 1.216e+00        1        2        3         1         0        15        10          0 
          133        4.333144     -107.940785      313.009583      -57.068889 1.159e+00 3.838e+00 5.976e+00 4.433e+00        3        3        3         3         7         7        12          9 
          134       33.304596      128.759601      174.175000      -60.051944 5.867e-01 3.981e-01 8.503e-01 2.224e+01        3        3        3         1         7         9        11          0 
          137        9.279958     -103.459756      306.732917       -2.277500 3.747e-01 9.125e-01 1.124e+00 1.678e+00        3        3        3         3         8         9         9         10 
          138       14.230566       73.729930       51.305000       40.698611 4.192e-01 2.686e-01 1.285e+00 1.245e+00        1        1        3         1         0         0         9          0 
          139        8.178282      -78.620504       63.719583       -7.927778 2.592e-01 5.368e-01 6.606e-01 1.000e+00        1        3        3         1         0        10         9          0 
          140        7.060372      -90.916839       77.689583       16.498889 3.844e-01 1.326e+00 1.334e+00 1.887e+00        2        3        3         2        27         9         8         18 
          141       23.453001       91.697972       81.027083      -12.166667 2.500e-01 3.215e-01 5.687e-01 1.000e+00        1        3        2         1         0         9        10          0 
          142       13.053262     -110.433573       90.544583       28.472778 4.125e-01 6.879e-01 1.025e+00 1.942e+00        1        3        3         1         0        20        11          0 
          147        5.639633      -55.636693      351.350833      -38.446944 2.596e-01 3.067e-01 6.257e-01 1.674e+00        1        1        1         3         0         0         0         11 
          149       37.935839       95.577256      189.776250      -16.179722 2.500e-01 3.742e-01 4.298e-01 1.377e+00        1        1        2         3         0         0        11          9 
          151        2.724168      -56.365955      180.698333      -53.835556 3.092e-01 9.367e-01 1.918e+00 2.090e+00        3        3        3         2         9         7         7         15 
          153       17.005698       76.932163       28.204167       -3.446944 2.500e-01 7.188e-01 1.804e+00 4.748e+00        1        1        3         3         0         0        11         13 
          156       11.323808     -118.666685      140.192500       -8.056111 2.500e-01 4.770e-01 6.212e-01 1.110e+00        1        2        2         3         0        28        12         11 
          157        4.039401      -97.852672      178.159167       -5.207222 2.500e-01 3.062e-01 1.382e+00 2.176e+00        1        1        3         3         0         0        11         18 
          159       11.356353     -106.550626      233.336250       -8.700556 2.500e-01 3.741e-01 1.972e+00 3.610e+00        1        2        3         3         0        19         9          9 
          163        2.752929       70.039268       69.559167      -10.795833 2.500e-01 3.608e-01 6.878e-01 1.717e+00        1        1        3         3         0         0         7          7 
          164       12.789450     -135.326705       79.088333      -10.561389 3.509e-01 2.500e-01 4.335e-01 1.246e+00        1        1        3         1         0         0        11          0 
          166       15.948786      -69.052522      200.602083      -16.728333 8.867e-01 2.793e+00 5.714e+00 5.813e+00        3        3        3         3        11        10        13         13 
          168       37.344737      -67.218807      203.973750      -34.295556 4.016e-01 8.051e-01 1.122e+00 1.000e+00        3        3        3         1         7         9         8          0 
          170        3.051251      -38.711187       49.259167        1.255000 2.500e-01 3.591e-01 2.570e+00 5.109e+00        1        1        3         3         0         0         9          9 
          171        9.763088       82.271483      340.070833        8.053889 4.069e-01 4.138e-01 8.576e-01 1.428e+00        1        2        3         3         0        12         9          8 
          172        6.156252     -117.934575      121.193333       10.776667 2.500e-01 2.748e-01 5.682e-01 1.002e+00        1        1        3         2         0         0        12         11 
          175       10.816092     -121.363495      307.146250       25.733333 5.802e-01 1.059e+00 1.116e+01 1.764e+01        3        3        3         3        10         8         9         10 
          176       14.764391     -126.977139       12.895833       29.401389 2.500e-01 6.274e-01 9.503e-01 1.897e+00        1        1        3         2         0         0        13         12 
          177        7.642598      -71.447066      177.191250       29.641111 3.469e-01 3.123e-01 6.721e-01 1.163e+00        1        1        3         3         0         0        11         10 
          178       15.227167       95.425487      108.516250       35.279167 2.422e-01 6.990e-01 2.250e+00 3.156e+00        3        3        3         3        14         9        10          9 
          179       10.073959      -75.890784      161.204167       38.181111 2.544e-01 2.500e-01 6.003e-01 1.312e+00        1        1        3         3         0         0        22         10 
          181        3.057771     -120.116124       88.723333       46.439444 6.320e-01 1.983e+00 2.796e+00 4.476e+00        3        3        3         3         6         7         8          8 
          183        9.907083      -59.430530      161.035417       70.405278 2.500e-01 2.640e-01 9.527e-01 2.818e+00        1        3        3         3         0        11         9          6 
          184       23.547124       93.925231      116.871250       60.933611 2.500e-01 2.834e-01 8.479e-01 2.230e+00        1        3        3         3         0        14         8          8 
          186        1.589822      -25.677933      121.024583        5.113889 5.549e-01 2.089e+00 1.843e+00 1.506e+00        3        3        3         3         7         8         9          9 
          189        8.608720      -72.977594      135.493333       60.151667 2.500e-01 2.309e-01 2.079e+00 3.180e+00        1        2        3         3         0        25         9         11 
          190        7.265123      151.456906      182.308750       47.058333 2.500e-01 2.664e-01 6.295e-01 2.302e+00        1        1        3         1         0         0        10          0 
          192       14.174550       80.161923      208.264167       69.308333 2.517e-01 2.583e-01 1.082e+00 2.282e+00        1        3        3         3         0        11        16          8 
          194        4.919031     -121.356505       93.901250       71.037500 6.995e-01 2.841e+00 3.914e+00 3.486e+00        3        3        3         3         6         6         8          9 
          195        5.756572       47.160048        1.581250       20.202778 3.231e-01 4.735e-01 4.522e-01 1.000e+00        3        3        3         1        16        12        10          0 
          196       15.243728       98.768758       12.196250       31.956944 3.088e-01 7.733e-01 1.439e+00 1.832e+00        2        3        3         3        34        10        10          9 
          197      103.885085       29.387532       14.972083       31.826944 4.680e-01 3.140e-01 4.000e-01 1.000e+00        3        1        1         1         8         0         0          0 
          198        3.281590      -17.931147       21.885833       19.178889 2.500e-01 4.761e-01 1.263e+00 1.833e+00        1        2        3         3         0        14        11         15 
          200        1.645761      125.202539      220.158750       53.504444 2.500e-01 5.366e-01 1.345e+00 1.848e+00        1        3        3         3         0         7         6          7 
          202        6.529057      -93.489806      311.040417      -10.723611 3.418e-01 7.440e-01 1.425e+00 1.427e+00        3        3        3         3         9         8         8         14 
          203       57.953903       78.714336       33.640000       -0.766667 3.005e-01 3.792e-01 5.329e-01 1.471e+00        1        1        3         3         0         0        10         10 
          205        4.851631      109.668883      103.051250       74.426944 3.113e-01 6.792e-01 1.116e+00 8.204e-01        1        3        3         2         0         9         9         14 
          206        6.149089      -93.582689       69.092500      -10.376111 3.341e-01 7.948e-01 2.749e+00 4.075e+00        3        3        3         3         7         7         7          7 
          208       11.305696      -65.242225      139.608333       16.305278 3.724e-01 5.925e-01 4.800e-01 1.000e+00        2        3        1         1        24        11         0          0 
          210        7.928636      -91.781273      174.122500       21.596111 4.240e+00 2.809e-01 1.430e+00 2.434e+00        1        2        3         3         0        14        10         10 
          211        3.773933      109.297841      184.610417       29.812778 4.081e-01 1.375e+00 4.064e+00 4.246e+00        3        3        3         3        13        11        12         11 
          212        7.446421       99.105604      115.636667       49.809722 2.693e-01 7.760e-01 1.504e+00 2.189e+00        3        3        3         3        20         8         8          7 
          213        2.396255      -79.441497      219.092083       58.794167 3.604e-01 1.219e+00 2.244e+00 2.282e+00        3        3        3         3         6         6         7          6 
          214       16.639698      -82.939269      226.005000       10.437778 3.909e-01 4.466e-01 4.874e-01 1.000e+00        1        3        3         1         0        11        11          0 
          217        9.575830     -153.639705       18.462500       13.271667 3.666e-01 4.129e-01 7.894e-01 1.479e+00        1        3        1         1         0        16         0          0 
          218        6.874957      -79.186583       40.270000       -8.255833 2.949e-01 5.009e-01 9.375e-01 1.218e+00        1        3        3         2         0        11         8         11 
          219       13.952452     -104.159927       42.668750       41.671389 2.500e-01 4.244e-01 1.267e+00 1.915e+00        1        3        3         3         0         9         9         17 
          220        9.617523      -92.384226       42.917917      -16.651111 2.500e-01 8.605e-01 3.560e+00 3.914e+00        1        3        3         3         0         9        10          9 
          221        2.370358       70.474893       45.954583       -1.103611 2.369e-01 5.366e-01 7.894e-01 1.000e+00        2        3        3         1        11        10         8          0 
          222        5.439230       55.563500       53.401667      -36.140278 3.212e+00 1.109e+01 7.815e+01 1.415e+02        3        3        3         3         4         5        10          7 
          223        1.547861       72.087093       88.047500       -7.456111 3.697e-01 8.811e-01 4.459e+00 6.261e+00        3        3        3         3         9         8         9         11 
          224      115.915912     -125.931271       10.720000      -23.541111 6.471e-01 1.099e+00 1.017e+01 1.899e+01        1        3        3         3         0        15        11         13 
          225        7.868027      102.768688      133.907083       78.223056 2.507e-01 2.551e-01 1.533e+00 5.087e+00        1        1        3         3         0         0         9          9 
          227        4.195951      -77.978507      146.425417      -14.326389 5.942e-01 1.365e+00 6.872e+00 1.444e+01        3        3        2         3        13         9        13         22 
          228       17.236738      -92.719656      147.979167       -6.823056 2.500e-01 2.757e-01 7.025e-01 1.745e+00        1        1        3         3         0         0         9         16 
          229        1.661778       -2.404614      150.490833       55.679722 1.242e+00 2.032e+00 4.286e+01 8.895e+01        3        3        3         3         7         7        11          9 
          231        2.762907      -71.919658      155.877500       19.865000 6.667e-01 1.737e+00 7.980e+00 1.746e+01        3        3        3         3         7         8        10         12 
          232       14.493899      -62.336297      157.967083      -34.853611 8.772e-01 2.557e+00 6.761e+00 7.679e+00        3        3        3         3         9         8        12         12 
          233        5.759572      -71.833620      162.097917      -25.161944 2.500e-01 7.111e-01 2.376e+00 3.935e+00        1        3        3         3         0        11        12         12 
          234        3.849091      104.311795      162.812500      -17.008056 2.500e-01 2.964e-01 7.564e-01 1.577e+00        1        1        3         3         0         0        11         11 
          235        2.806495     -146.283078      166.697917       72.568611 4.533e-01 9.185e-01 1.739e+00 2.170e+00        3        3        3         3         8         7         7          6 
          236       12.458822      152.724030      173.145417       53.068056 3.537e-01 6.162e-01 8.149e-01 2.931e+00        1        1        1         3         0         0         0         10 
          237        8.309995      124.591621      174.757500      -37.738611 7.681e-01 2.435e+00 3.372e+00 5.118e+00        3        3        3         3         8         7        11         11 
          239        5.327413      -78.763056      180.790000       44.531389 7.691e-01 1.398e+00 8.282e+00 2.094e+01        3        3        3         3         8         9        10         13 
          240        3.843860     -100.603861      181.595833       52.711111 1.450e+00 6.834e+00 4.737e+01 6.850e+01        3        3        3         3         5         6        10          8 
          243        4.611490      -62.748926      183.262500        7.038889 5.595e-01 4.613e-01 4.311e+00 1.007e+01        1        2        3         3         0        14        12         13 
          245        3.308430     -174.175646       17.865000      -38.083333 1.091e+00 1.757e+00 1.837e+00 2.036e+00        3        3        3         3         6         7         8          8 
          246        3.493336      -42.709869      186.444583       12.662222 1.000e+00 3.553e+00 1.090e+01 1.779e+01        3        3        3         3         8         7        11         14 
          247        5.154896      129.234324      188.902500      -39.909167 4.593e-01 1.407e+00 4.583e+00 5.601e+00        3        3        3         3         9        10        12         12 
          248        3.137503     -116.464676      190.435417       35.062778 2.500e-01 2.500e-01 1.053e+00 3.171e+00        1        1        3         3         0         0         9         10 
          249        9.660507      -94.121758      193.052083      -13.414722 2.500e-01 5.046e-01 1.187e+00 2.315e+00        1        2        3         3         0        17        11         10 
          250       11.544163      -98.714388      196.060000      -10.339722 3.006e-01 4.832e-01 1.901e+00 7.470e+00        1        1        3         3         0         0        12         12 
          251        9.337019      -55.755002      196.054583       -5.551667 2.500e-01 5.750e-01 1.335e+00 4.096e+00        1        1        3         3         0         0        11         12 
          253        9.709605      132.361748      198.364583       36.593889 7.732e-01 1.051e+00 1.331e+01 4.453e+01        3        3        3         3         7         8         9         11 
          254        8.724482      -91.011143      200.248333        8.978333 2.500e-01 2.709e-01 2.124e+00 4.681e+00        1        1        3         3         0         0        12         13 
          255       10.270698     -125.523787       21.112083       33.799444 2.500e-01 2.908e-01 1.841e+00 4.249e+00        1        1        3         3         0         0         9          8 
          256       47.271715      -71.838774      203.950833        2.998889 2.500e-01 3.982e-01 6.391e-01 1.529e+00        1        1        3         3         0         0        10         11 
          258        5.027138       80.567344       20.976667      -35.065556 2.450e-01 5.184e-01 4.000e-01 1.000e+00        3        3        1         1        12        23         0          0 
          259       81.397482      122.747947      205.534583       35.654167 2.500e-01 5.042e-01 1.202e+00 1.674e+00        1        1        2         2         0         0        14         35 
          260        4.311095       90.839078      206.330000       41.712500 2.500e-01 4.151e-01 1.667e+00 5.323e+00        1        1        3         3         0         0        12         12 
          261        4.335118     -113.128029      213.312083       -3.207500 1.297e+00 3.642e+00 8.814e+00 9.716e+00        3        3        3         3         7         7        11         11 
          262       36.565510      -65.380014      214.497917       25.136667 3.562e-01 7.600e-01 1.043e+00 1.731e+00        2        3        3         3        10        10         9         11 
          263        1.845134      -78.671977      216.095417       24.614167 5.601e-01 7.468e-01 4.818e+00 8.740e+00        1        3        3         3         0        11        12         13 
          264        3.180469     -165.990722      218.467500        5.458333 2.500e-01 3.593e-01 1.498e+00 3.501e+00        1        1        3         3         0         0         9          9 
          265       76.132161      -68.805750      218.718333       48.661944 2.500e-01 2.500e-01 4.714e-01 1.340e+00        1        1        3         3         0         0        10          9 
          266       40.525239      113.074923      220.599583      -17.253056 3.204e-01 8.123e-01 8.403e+00 1.517e+01        1        3        3         3         0        11        12         10 
          267        4.681876       39.616599      228.763333       42.049722 2.500e-01 3.633e-01 3.202e+00 1.153e+01        1        3        3         3         0        11         8          9 
          268        3.172616      -80.621464      237.104167      -13.757778 4.345e-01 8.857e-01 3.881e+00 6.995e+00        3        3        3         3         7         9         9          8 
          269        6.973749       -1.702826      253.192083      -59.218611 1.493e+00 5.267e+00 3.632e+01 8.450e+01        3        3        3         2         6         6        13         15 
          270        2.267739      -69.202944      253.245417        2.400833 5.705e-01 3.505e+00 2.347e+01 2.655e+01        3        3        3         3         5         5         8         10 
          271        0.256511      123.413621      259.247917      -62.820556 7.389e-01 2.152e+00 1.405e+01 4.025e+01        3        3        3         3         8         7         9         12 
          272      110.827986       10.787968      270.030417       66.615000 1.419e-01 7.114e-01 2.042e+00 2.173e+00        3        3        3         3        10         4         5          4 
          273        8.029779      -91.841640      295.669167      -10.323611 3.336e-01 5.864e-01 5.693e+00 1.816e+01        3        3        3         3        10         9         9         10 
          274       11.314054      -94.582481      302.195417      -61.100278 2.384e-01 3.537e-01 1.049e+00 2.582e+00        2        3        3         3         9        12         8          7 
          275        4.701967     -109.810347      330.507917      -31.869722 4.570e-01 7.768e-01 5.958e+00 1.285e+01        3        3        3         3         8         9        12         10 
          276        1.515405      105.956169      332.317917      -47.166667 6.338e-01 7.428e-01 2.564e+00 8.626e+00        3        3        3         3        13         9        10         11 
          277       11.185119      -12.840751      345.504167       15.964722 3.236e-01 3.938e-01 2.727e+00 6.808e+00        1        3        2         2         0        16        14         14 
          278        3.715972       52.285360      345.815000        8.873889 1.297e+00 5.479e+00 2.695e+01 3.522e+01        3        3        3         3         8         8        15         16 
          279        2.486696      111.465180      346.236250       12.322778 7.470e-01 3.318e+00 1.212e+01 2.493e+01        3        3        3         3         9         9        13         14 
          280        3.100266     -131.666574      349.597917      -42.370556 1.350e+00 6.329e+00 4.801e+01 7.276e+01        3        3        3         3         8         8        15         12 
          281       15.087483       47.477946      349.735833        0.243889 3.619e-01 4.746e-01 8.310e-01 2.117e+00        1        1        3         3         0         0        11         10 
          282        6.986494       42.319364      352.194583        3.511389 5.038e-01 1.149e+00 7.412e+00 9.856e+00        3        3        3         3        10        11        12         13 
          284        0.579189      143.832433       37.060417       31.311667 6.621e-01 1.313e+00 2.762e+00 4.919e+00        3        3        3         3         7         8         9         10 
          285        2.151059      -14.125324       38.657500       -8.787500 2.653e-01 5.482e-01 1.443e+00 2.000e+00        1        3        3         3         0        11         9          8 
          292       33.286260      178.578967      321.940833       56.952000 2.768e-01 4.626e-01 2.021e+00 4.901e+01        1        3        1         1         0        10         0          0 
          293        4.814347      -87.434668       30.079583       24.473611 2.500e-01 2.500e-01 1.679e+00 3.136e+00        1        1        3         3         0         0         9          9 
          294        3.141845      139.475325       70.945000       28.971944 2.727e-01 2.745e-01 1.267e+00 3.307e+00        1        1        3         3         0         0         9         11 
          295        5.150615       85.427647       98.196667       63.673611 2.500e-01 3.495e-01 1.459e+00 3.208e+00        1        3        3         3         0        13         8          9 
          297       27.232859      100.018377      116.029167       29.249167 2.609e-01 2.975e-01 6.654e-01 2.041e+00        1        2        3         3         0        20         8          8 
          298        5.335999      -83.546215      161.677083       25.931667 2.500e-01 2.970e-01 1.761e+00 2.453e+00        1        1        3         3         0         0         9         11 
          300       30.740711      166.902300      181.180417       31.177222 2.548e-01 3.840e-01 2.860e+00 5.862e+00        1        3        3         3         0        14        10         10 
          301        3.343117     -151.957286      198.822083       44.407222 2.500e-01 3.730e-01 1.681e+00 1.970e+00        1        3        2         3         0        12        13         11 
          302        4.681453      171.283187      253.078750       55.905556 2.500e-01 2.500e-01 4.843e-01 9.127e-01        1        1        3         2         0         0         9         12 
          303       14.977103     -116.335920      274.047917       42.660278 4.015e-01 2.500e-01 5.429e-01 8.958e-01        1        1        3         3         0         0         6         20 
          304        9.070102     -104.348370      343.582083       11.782500 2.601e-01 2.500e-01 6.383e-01 1.668e+00        1        1        2         3         0         0        11         11 
          305        2.570524      -24.006437      344.731250       40.931389 2.500e-01 2.811e-01 8.373e-01 3.474e+00        1        1        3         3         0         0        10         12 
          306       15.417991     -127.915930      355.481250       30.581667 7.456e-01 2.500e-01 4.307e-01 1.083e+00        1        1        3         1         0         0         9          0 
          308        4.648431      158.160153       97.606667       63.678056 2.500e-01 5.027e-01 1.757e+00 2.460e+00        1        3        3         3         0         8         7          7 
          311       12.331600      122.199472      223.822500      -51.570833 2.500e-01 2.931e-01 7.617e-01 1.280e+01        1        3        3         1         0        20        10          0 
