     cntr_01         dist_x         pang_x          ra_01         dec_01   fnu_12   fnu_25   fnu_60  fnu_100 fqual_12 fqual_25fqual_60 fqual_100 relunc_12 relunc_25 relunc_60 relunc_100
            1       61.526244      126.085351       70.475417       -8.442778 8.071e-02 1.036e-01 7.329e-01 1.932e+00        1        2        3         1        25        24        15         24 
            8      119.318833      -12.163683       16.688750        6.633889 4.233e-01 1.460e-01 1.122e-01 3.686e-01        3        1        1         1        10        29        29         30 
            9       39.723135     -120.863694       16.915000      -11.653333 1.449e-01 2.426e-01 4.862e-01 6.965e-01        1        1        3         2        29        30        11         22 
           11       12.488739      -28.836338       53.602083      -15.227778 1.044e-01 1.178e-01 6.532e-01 2.021e+00        1        2        3         1        25        28        12         26 
           12        8.370487      -33.946744       57.599167      -50.310000 1.028e-01 1.191e-01 4.213e-01 1.408e+00        1        1        3         1        21        13         8         21 
           15        4.325714     -130.422370       65.920000        4.133889 9.170e-02 2.543e-01 6.042e-01 2.544e+00        2        3        3         1        22        10        10         20 
           19       10.615200       93.604419       89.508333      -38.334722 5.289e-01 6.846e-01 3.223e-01 5.589e-01        3        3        3         1         6         5        11         21 
           21        9.316752      -67.567846      104.050000      -49.330556 9.330e-02 3.360e-01 3.102e-01 5.677e-01        2        3        2         1        21         6        12         18 
           23        4.534678       48.928605      119.972917       23.390000 1.865e-01 2.156e-01 1.494e+00 3.456e+00        3        2        3         2        15        20         8          8 
           31        9.246786      -76.966035      160.093750      -46.423889 1.661e-01 2.401e-01 9.235e-01 2.526e+00        1        3        2         1        31        19        10         29 
           32        9.302105       57.617155      176.418750      -18.454444 1.163e-01 1.199e-01 2.285e-01 6.791e-01        1        1        3         1        28        27        21         28 
           33       22.583836      -61.446976      180.241250        6.806389 1.318e-01 1.441e-01 3.745e-01 7.523e-01        1        1        3         2        30        30        13         27 
           34        2.778135      105.592478      187.905000      -47.967222 1.158e-01 3.261e-01 1.157e+00 1.828e+00        2        3        2         2        20         8         6         19 
           35        9.269689      -19.914570      188.464167      -21.062500 1.252e-01 1.873e-01 3.816e-01 8.095e-01        1        1        3         1        28        29        18         29 
           42        3.879140      -66.040772      227.999167      -21.317222 2.304e-01 4.986e-01 1.521e+00 1.555e+00        3        3        3         2        24        16         6         20 
           43       22.883688      108.792509      236.601250       69.486111 6.375e-02 1.260e-01 3.696e-01 8.464e-01        1        1        3         1        18        20        10         19 
           45        3.914228       97.044098      284.282500      -78.472500 9.053e-02 2.213e-01 3.499e-01 1.313e+00        2        3        3         1        19        12        13         19 
           46       16.711993       77.555653      294.387500       -6.218056 4.963e-01 1.064e+00 2.808e+00 4.754e+00        3        3        2         2         7         6         5         10 
           48       23.284981      -99.552503      300.232083      -18.174167 3.201e-01 5.908e-01 8.496e-01 1.117e+00        3        3        3         2        11        10         9         23 
           51        7.425803       41.754535      317.291667       -9.670833 1.504e-01 3.623e-01 3.280e-01 2.480e+00        2        3        1         1        19        16        26         23 
           56        7.606118      -89.532667       68.296250        5.354444 2.861e-01 6.353e-01 1.283e+00 2.786e+00        3        3        3         2         9         6         6         19 
           58       85.134518     -146.005443       96.744167      -37.099722 4.271e-01 9.431e-02 1.928e-01 8.283e-01        3        2        1         1         6        19        23         21 
           60       21.801351       82.562427       79.047500       -0.149722 3.191e-01 4.099e-01 6.430e-01 1.084e+00        3        3        3         2        10         9         9         29 
           66        2.880595      177.315546      201.365000      -43.019167 1.326e+01 1.726e+01 1.622e+02 3.138e+02        3        3        2         2         6         6         6          5 
           68       28.190002      114.361477      145.520000       23.685278 1.539e-01 3.299e-01 6.215e-01 7.195e-01        1        2        3         2        27        19         8         23 
           70       20.127363      -49.611049      265.822500       62.839167 5.795e-02 4.855e-02 1.568e-01 7.458e-01        1        2        3         1        15        26        17         16 
           72       27.819492      -29.311647      229.890417       65.599722 1.137e-01 1.404e-01 6.784e-01 1.604e+00        1        3        1         1        22        12        23         23 
           72       57.767859     -135.159798      229.890417       65.599722 9.713e-02 2.108e-01 5.444e-01 1.209e+00        1        1        3         2        20        21         7         13 
           72      114.150565     -139.850766      229.890417       65.599722 9.522e-02 1.618e-01 6.635e-01 1.585e+00        1        3        1         1        22        10        24         23 
           73        0.885598      -82.327205      281.359167       72.183889 8.831e-02 2.544e-01 8.515e-01 1.271e+00        1        3        3         2        20         7         7         19 
           75       14.639214      -99.309282       73.357500        4.061667 2.526e-01 5.670e-01 6.126e-01 1.021e+00        3        3        3         1        13         7         8         24 
           76       29.646968       57.060408       77.082083       17.363333 2.198e-01 1.094e+00 1.021e+01 1.219e+01        3        3        2         2        17         6         5          7 
           78       18.943094       30.364492        9.087500       45.665000 9.529e-02 1.289e-01 1.789e-01 5.377e-01        1        3        1         1        24        19        23         21 
           79        4.941890      -66.692014       91.423333      -86.631944 5.816e-01 7.077e-01 6.883e+00 1.862e+01        3        3        3         2         4         3         4          3 
           81        5.024265      167.374555       73.995833      -75.541111 2.075e-01 4.467e-01 6.777e-01 2.079e+00        3        3        3         1         8         4         5         16 
           82        2.643657      -86.847895      279.584583      -65.427500 6.121e-01 2.363e+00 2.314e+00 1.052e+00        3        3        3         2         7         5         5         25 
           83       42.423687      -99.478012       95.940000      -60.978889 7.264e-02 4.845e-02 1.589e-01 8.138e-01        1        2        3         1        16        28        19         16 
           85        3.935596       80.598204      264.412917      -59.940833 1.217e-01 1.738e-01 6.557e-01 1.611e+00        2        3        2         2        22        20        10         23 
           86        5.087280       35.613279      290.308750      -58.670278 2.420e-01 3.522e-01 5.745e-01 1.481e+00        3        3        3         1        10         6         8         20 
           87        5.034255     -109.137347       65.600833      -56.225833 7.429e-02 9.686e-02 2.388e-01 5.191e-01        2        3        3         2        20        13        12         22 
           88       23.640846     -112.268942       15.145833      -47.867778 1.178e-01 1.992e-01 3.927e-01 9.537e-01        1        1        3         2        27        28        15         16 
           89       10.214823      -97.129618       32.718750      -49.698611 9.688e-02 1.992e-01 5.617e-01 1.341e+00        1        3        3         2        23        10         7         10 
           91       13.426769      121.318967      120.491667      -49.778333 2.015e-01 4.934e-01 9.712e-01 7.858e+00        3        3        2         1        14         7        15         19 
           92        5.480420     -119.437470       22.463333      -42.326389 1.009e-01 1.727e-01 1.090e+00 2.583e+00        2        3        3         2        26        14         7          7 
           94       21.885160     -132.692091       24.655000      -40.011389 1.735e-01 1.664e-01 6.619e-01 2.208e+00        1        2        3         2        30        24        10          9 
           95        4.985707      105.798706      196.608750      -40.414722 6.828e-01 1.221e+00 5.659e+00 8.790e+00        3        3        3         2         6         6         5          6 
           96       10.913577       85.417752       79.899167      -32.657778 2.238e-01 5.699e-01 1.396e+00 1.993e+00        3        3        3         2        19         6         7          8 
           97       32.238156      117.076407      153.332917      -35.982778 1.320e-01 2.110e-01 5.143e-01 1.020e+00        1        3        1         1        27        13        32         30 
           97       41.763752      -62.169549      153.332917      -35.982778 1.870e-01 2.083e-01 3.800e-01 1.121e+00        1        3        2         1        31        15        13         30 
           98       21.787958      113.430295      203.358750      -34.014722 1.360e-01 4.440e-01 6.164e-01 1.222e+00        2        3        3         1        21         8         9         25 
           99       12.218757       63.675890      301.740417      -34.549444 1.143e-01 1.667e-01 5.423e-01 1.475e+00        2        2        3         1        28        25        10         27 
          100       21.608560       70.655670       44.089583      -32.185556 1.157e-01 1.577e-01 1.843e-01 5.872e-01        1        1        3         1        21        21        22         20 
          101       15.812710      -84.676251       95.943333      -32.216667 8.213e-02 2.091e-01 2.459e-01 7.656e-01        1        3        2         1        22        11        14         22 
          102       20.826121      126.780209      171.847500      -29.257500 1.560e-01 3.058e-01 6.471e-01 1.042e+00        1        3        3         2        32        10         8         19 
          103       22.656206      -96.270893      315.599167      -28.174722 1.033e-01 1.640e-01 3.399e-01 8.212e-01        1        1        3         1        24        25        14         25 
          105        4.307894      109.957311      100.048750      -25.895278 1.731e-01 7.059e-01 1.726e+00 2.276e+00        3        3        2         2        11         5         8         13 
          107       14.105597       93.788831      189.727500      -27.307778 1.477e-01 2.678e-01 4.975e-01 8.314e-01        2        3        3         2        20        15        10         23 
          108       25.250543      -65.157594      202.807917      -25.402778 1.492e-01 2.646e-01 3.974e-01 1.532e+00        2        1        3         1        23        29        17         30 
          109        8.212549      107.593612      203.665000      -23.446667 1.751e-01 4.203e-01 9.018e-01 1.486e+00        3        3        3         2        26        18        11         24 
          110        9.470297     -168.126873      214.843333      -26.644722 1.607e-01 1.204e-01 4.662e-01 1.772e+00        1        1        3         2        24        23        10         12 
          112       14.111906      -16.082052       55.515417      -21.244167 2.485e-01 9.697e-02 6.014e-01 1.488e+00        3        2        3         2        23        30         8         12 
          113        5.121112      -75.190265       60.607083      -18.047500 1.550e-01 4.521e-01 2.857e+00 5.062e+00        3        3        3         2        14         9         5          7 
          115       19.975168      -92.958941       81.613750      -21.286667 8.402e-02 1.616e-01 1.675e-01 6.020e-01        1        3        2         1        25        13        21         24 
          116        4.639212     -178.294735      143.681667      -21.927778 1.456e-01 3.809e-01 2.487e+00 4.980e+00        3        3        3         2        17        11         6          6 
          119       25.914799       97.305628      125.754583       -4.934722 9.378e-02 1.967e-01 1.014e+00 2.365e+00        1        3        1         1        26        17        28         10 
          120        1.675840      -75.714537      279.242917      -59.402500 6.231e-01 1.385e+00 3.227e+00 3.905e+00        3        3        3         2         7         6         5          9 
          121        4.569604     -101.665472      281.225000      -62.364722 4.671e-01 1.035e+00 1.844e+00 2.749e+00        1        3        3         2        26         5         8         17 
          124       16.398212      -77.814933      120.087500       26.613611 1.219e-01 4.074e-01 9.331e-01 1.112e+00        2        3        3         2        23        12         6         17 
          125       25.132109       63.799378       18.529167      -32.650833 2.053e-01 2.727e-01 2.768e+00 7.481e+00        1        3        3         2        32        19         7          6 
          126        1.171709       -0.862912       37.962500      -36.671944 1.609e-01 3.926e-01 1.394e+00 2.335e+00        3        3        3         2        11         6         4          8 
          127        6.298035      166.695360      139.991667       37.191389 1.632e-01 1.965e-01 1.177e+00 3.291e+00        1        1        3         2        24        24         6          6 
          128       20.822709      121.229951      168.457083        9.586389 1.611e-01 2.549e-01 1.750e+00 3.386e+00        2        1        3         2        25        31         7          8 
          130        2.648196      152.469321      207.330417      -30.309444 1.082e+00 2.213e+00 2.030e+00 1.661e+00        3        3        3         2         5         5         5         13 
          131       21.662695      103.031625      224.421667      -43.132222 3.449e-01 1.308e+00 7.609e+00 1.276e+01        3        3        2         2         8         6         4          6 
          132       20.276403      -76.374026      276.080833      -56.369167 1.171e-01 2.407e-01 5.899e-01 1.373e+00        2        3        2         1        22        13         9         26 
          133       10.730140       63.715241      313.009583      -57.068889 1.067e+00 3.910e+00 5.337e+00 4.168e+00        3        3        3         2        12         5        10          8 
          137        3.130048      110.731052      306.732917       -2.277500 3.940e-01 9.131e-01 1.157e+00 1.535e+00        3        3        3         2         9         8         7         23 
          139        9.637168      -80.319890       63.719583       -7.927778 1.891e-01 5.205e-01 6.335e-01 1.367e+00        3        3        3         1        14         8         9         26 
          140        5.748602     -101.259804       77.689583       16.498889 3.917e-01 1.336e+00 1.398e+00 3.362e+00        3        3        2         1         9         7         7         25 
          141       35.791067      100.878609       81.027083      -12.166667 9.246e-02 2.998e-01 5.966e-01 2.156e+00        2        3        1         1        28         9        26         23 
          141       41.643256      -53.818560       81.027083      -12.166667 1.285e-01 3.420e-01 4.563e-01 1.851e+00        1        1        3         1        22        23        11         20 
          146       13.734883       66.487834       56.302083      -39.574722 9.280e-02 1.112e-01 2.395e-01 7.275e-01        2        2        3         2        19        18        14         17 
          147        7.007542     -123.103249      351.350833      -38.446944 1.379e-01 1.423e-01 5.838e-01 1.488e+00        1        1        3         2        29        28        12         11 
          149       52.589028       83.094437      189.776250      -16.179722 1.247e-01 2.502e-01 4.257e-01 1.355e+00        1        1        3         2        27        29        12         13 
          153       16.668481     -100.647095       28.204167       -3.446944 1.568e-01 5.014e-01 1.880e+00 4.719e+00        2        1        3         2        23        31         7          9 
          156       14.837673      -49.850530      140.192500       -8.056111 7.993e-02 3.811e-01 6.542e-01 1.099e+00        2        3        3         2        31        11         9         16 
          157       24.855489      120.359834      178.159167       -5.207222 1.292e-01 2.700e-01 1.308e+00 2.015e+00        1        1        3         2        30        30         8         10 
          159        6.831163      127.671314      233.336250       -8.700556 1.200e-01 3.566e-01 1.944e+00 2.998e+00        2        3        3         2        25        15         5          9 
          160      117.769063       62.947605       10.786667      -11.601111 7.039e-02 1.570e-01 2.068e-01 4.195e-01        1        1        3         1        27        28        26         28 
          161       12.212944      -87.147486       43.097500       -8.510278 7.025e-02 1.468e-01 2.979e-01 6.346e-01        1        1        3         2        22        24        13         21 
          163        7.014093       90.680992       69.559167      -10.795833 9.794e-02 1.286e-01 6.361e-01 1.706e+00        2        2        3         2        20        25         8         17 
          164       20.555379       93.457811       79.088333      -10.561389 1.292e-01 1.837e-01 4.351e-01 2.701e+00        2        3        3         1        23        14        14         23 
          166       16.780749      -62.641948      200.602083      -16.728333 8.785e-01 2.855e+00 5.895e+00 5.476e+00        3        2        2         2         8         9        11          8 
          168       12.239520      121.747991      203.973750      -34.295556 3.803e-01 8.088e-01 1.087e+00 1.096e+00        3        3        3         2         9         7         7         20 
          169       15.625587       57.862989       16.361667      -42.216111 1.053e-01 2.288e-01 2.952e-01 5.901e-01        1        2        3         1        29        17        15         31 
          170       10.930717      -93.074384       49.259167        1.255000 9.965e-02 3.300e-01 2.671e+00 4.556e+00        1        2        3         2        27        19         8          9 
          171        4.862059       27.906360      340.070833        8.053889 2.034e-01 3.436e-01 8.259e-01 2.481e+00        3        3        3         1        18        17         8         32 
          172       19.925003     -110.037507      121.193333       10.776667 1.101e-01 1.968e-01 5.101e-01 1.217e+00        1        2        3         2        26        26        10         11 
          176       35.160232       59.084829       12.895833       29.401389 1.594e-01 1.646e-01 9.435e-01 1.720e+00        2        2        3         2        23        27        12         21 
          177        9.644866      -12.216924      177.191250       29.641111 1.715e-01 1.496e-01 6.922e-01 1.310e+00        1        2        3         2        36        26        16         13 
          178       15.640250      -79.930265      108.516250       35.279167 2.688e-01 6.512e-01 2.055e+00 2.851e+00        3        3        2         2        12         8        10          8 
          179        8.192478      -65.152917      161.204167       38.181111 1.342e-01 9.992e-02 4.721e-01 1.108e+00        1        2        3         2        26        28        10         14 
          181        3.627213       99.087447       88.723333       46.439444 6.394e-01 1.948e+00 3.005e+00 4.235e+00        3        3        2         2         6         6         5         12 
          183       10.255673      107.214412      161.035417       70.405278 1.011e-01 2.538e-01 1.004e+00 2.787e+00        2        3        3         2        19         7         5          8 
          184       10.566368       81.816234      116.871250       60.933611 1.396e-01 2.206e-01 8.130e-01 1.948e+00        3        3        3         2        19        13         6         10 
          186        5.863464      116.174469      121.024583        5.113889 4.965e-01 2.075e+00 1.892e+00 1.304e+00        3        3        2         2         8         6         7         12 
          188       24.000885      101.923640      226.485833        3.707222 1.287e-01 1.964e-01 3.809e-01 9.028e-01        2        2        3         2        25        19        11         19 
          189        5.320217      107.190022      135.493333       60.151667 1.444e-01 2.522e-01 2.157e+00 2.970e+00        3        3        3         2        22        12         5          8 
          190        6.270349      134.322658      182.308750       47.058333 1.209e-01 1.364e-01 6.236e-01 8.626e-01        1        2        3         2        31        21         9         21 
          192        6.927965      -51.763828      208.264167       69.308333 1.614e-01 3.328e-01 1.528e+00 2.837e+00        3        1        1         1        12         7        23         23 
          192       27.419930       80.527490      208.264167       69.308333 2.050e-01 3.328e-01 1.255e+00 2.200e+00        1        1        3         2        23         7         5          7 
          193        7.363452       92.129942      233.968333       57.902500 9.307e-02 1.849e-01 2.404e-01 5.946e-01        2        3        1         1        21        12        21         20 
          193       67.481422      165.070445      233.968333       57.902500 1.065e-01 1.441e-01 1.708e-01 5.813e-01        1        1        3         1        19        20        17         18 
          194        3.650191       84.904456       93.901250       71.037500 7.125e-01 2.896e+00 3.770e+00 3.361e+00        3        3        3         2         7         5         4         13 
          195       20.047547     -113.793608        1.581250       20.202778 3.021e-01 3.777e-01 3.433e-01 5.673e-01        3        3        3         1        10        11        15         27 
          196       13.797378       91.324555       12.196250       31.956944 3.080e-01 8.347e-01 1.290e+00 1.549e+00        3        3        3         2        10         8         9         13 
          197      111.418648       30.992951       14.972083       31.826944 4.717e-01 1.538e-01 1.153e-01 5.205e-01        3        2        1         1        10        21        29         29 
          198       12.419850      -84.742544       21.885833       19.178889 1.192e-01 4.376e-01 1.132e+00 1.740e+00        2        3        3         2        30        22         7         13 
          200        9.800109      107.301299      220.158750       53.504444 1.263e-01 5.093e-01 1.313e+00 1.852e+00        3        3        3         2        15         5         4          7 
          202       12.567856     -101.088628      311.040417      -10.723611 3.158e-01 7.018e-01 1.364e+00 1.521e+00        3        3        3         2         9         7         5         15 
          203        6.721983     -165.306585       33.640000       -0.766667 1.917e-01 2.214e-01 4.893e-01 1.457e+00        2        2        3         2        21        20        12         11 
          205        3.438544      100.338395      103.051250       74.426944 2.239e-01 6.866e-01 1.183e+00 1.658e+00        3        3        3         1        11         5         5         22 
          206       14.949867       76.372659       69.092500      -10.376111 3.365e-01 7.884e-01 2.706e+00 4.240e+00        3        3        3         2         7         5         4          8 
          208        8.279952      -46.367513      139.608333       16.305278 3.543e-01 5.324e-01 3.636e-01 7.655e-01        3        3        3         1        11        11        12         27 
          210       13.767700      -78.462031      174.122500       21.596111 1.603e-01 3.093e-01 1.260e+00 2.408e+00        2        3        3         2        21        14        10          8 
          211        8.933652      -65.228823      184.610417       29.812778 3.855e-01 1.295e+00 4.026e+00 4.658e+00        3        3        3         2         9         7         7          6 
          212        8.129301      -83.489371      115.636667       49.809722 3.062e-01 7.625e-01 1.503e+00 2.363e+00        3        3        3         2         9         6         6          9 
          213        2.674033     -162.808268      219.092083       58.794167 3.355e-01 1.175e+00 2.118e+00 2.268e+00        3        3        3         2         6         5         4          6 
          214        6.196265      -89.246535      226.005000       10.437778 1.924e-01 4.726e-01 4.593e-01 6.176e-01        3        3        3         1        13        10         9         24 
          215       18.046299       11.401550      247.451250       67.378333 7.860e-02 8.772e-02 2.649e-01 7.782e-01        1        3        3         2        20        15        13         21 
          217       12.198177       58.356969       18.462500       13.271667 2.488e-01 3.718e-01 8.001e-01 1.048e+00        3        2        2         1        14        19        10         32 
          218       24.842042      -98.459382       40.270000       -8.255833 2.031e-01 4.906e-01 9.027e-01 1.515e+00        3        3        3         2        11         9         6          9 
          219       12.514337     -115.652986       42.668750       41.671389 1.108e-01 4.213e-01 1.231e+00 1.662e+00        2        3        2         2        25         8         6         16 
          220       11.898028     -111.684374       42.917917      -16.651111 1.735e-01 8.305e-01 3.310e+00 3.939e+00        3        3        3         2        15         6         9          6 
          221        8.270636      -91.189207       45.954583       -1.103611 2.659e-01 5.118e-01 7.702e-01 9.282e-01        3        3        3         1        10         8         7         23 
          222        2.265864       21.989265       53.401667      -36.140278 3.372e+00 1.082e+01 7.613e+01 1.425e+02        3        3        3         2         4         5         6          4 
          223       13.387769       92.489349       88.047500       -7.456111 3.488e-01 8.397e-01 4.129e+00 5.676e+00        3        3        2         2         8         6         5         24 
          224      107.429357     -125.922767       10.720000      -23.541111 3.270e-01 1.077e+00 1.004e+01 1.834e+01        3        3        3         2        11         6         5          7 
          225        3.210601       64.870157      133.907083       78.223056 1.762e-01 2.106e-01 1.673e+00 4.983e+00        3        3        3         2        13        10         5          5 
          226       12.806200       80.926987      141.827083       23.020000 1.508e-01 2.199e-01 2.217e-01 9.194e-01        1        1        3         2        24        24        17         17 
          227       29.861212      -66.427831      146.425417      -14.326389 4.926e-01 1.262e+00 8.500e+00 2.936e+01        3        3        1         1         8         6        28         26 
          228       17.245267      -65.416418      147.979167       -6.823056 1.296e-01 1.832e-01 6.531e-01 1.607e+00        1        2        3         2        26        18         9         23 
          229        3.742936       11.811513      150.490833       55.679722 1.523e+00 2.272e+00 4.450e+01 8.922e+01        3        3        3         2         5         5         6          5 
          231       12.150318      110.074525      155.877500       19.865000 6.671e-01 1.764e+00 7.825e+00 1.759e+01        3        3        3         2         7         6         5          5 
          232        1.410866     -157.861091      157.967083      -34.853611 8.896e-01 2.633e+00 6.861e+00 7.512e+00        3        3        2         2        13         7         7          7 
          233        1.406258      -98.527267      162.097917      -25.161944 1.310e-01 7.528e-01 2.251e+00 3.873e+00        2        3        3         2        26         8        10          9 
          234        6.859113      106.572344      162.812500      -17.008056 1.552e-01 1.870e-01 6.453e-01 1.269e+00        1        2        3         2        32        24        10         17 
          235        8.730363      136.897940      166.697917       72.568611 4.258e-01 8.937e-01 1.758e+00 2.259e+00        3        3        3         2         6         5         4         13 
          236        4.107720     -172.136722      173.145417       53.068056 1.685e-01 9.744e-02 6.972e-01 2.292e+00        3        2        3         2        17        32        10         12 
          237        6.480336      136.661549      174.757500      -37.738611 8.396e-01 2.492e+00 3.257e+00 4.899e+00        3        3        3         2         7         6         6         11 
          239        3.691285      143.176960      180.790000       44.531389 8.554e-01 1.590e+00 7.131e+00 2.392e+01        3        3        3         2         6         6        13          5 
          240        6.422749      125.230956      181.595833       52.711111 1.509e+00 6.760e+00 4.693e+01 6.974e+01        3        3        3         2         5         5         4          4 
          243        2.646278      -87.565201      183.262500        7.038889 2.310e-01 4.463e-01 4.076e+00 9.702e+00        3        3        3         2        19        13        10          6 
          244       15.579910      124.413663      184.291250        7.191667 1.259e-01 1.566e-01 3.164e-01 6.462e-01        1        1        3         2        30        28        14         21 
          245        9.580403     -116.533341       17.865000      -38.083333 1.101e+00 1.739e+00 1.796e+00 1.823e+00        3        3        3         2         5         5         7          9 
          246       12.457955      -63.498097      186.444583       12.662222 9.964e-01 3.463e+00 1.024e+01 1.810e+01        3        3        3         2        10         7         8          7 
          247        7.109164      117.226623      188.902500      -39.909167 4.566e-01 1.387e+00 4.310e+00 5.399e+00        3        3        3         2        10        10         7         12 
          248       23.644967      -63.432404      190.435417       35.062778 1.218e-01 1.242e-01 1.074e+00 3.456e+00        2        2        3         2        26        26         7          7 
          249       19.854512      -68.429891      193.052083      -13.414722 1.708e-01 3.705e-01 1.163e+00 2.222e+00        2        2        3         2        19        22         7         13 
          250       11.718865      138.095234      196.060000      -10.339722 2.651e-01 3.766e-01 2.015e+00 7.657e+00        1        2        3         2        33        16         7          7 
          251        0.794847     -159.003863      196.054583       -5.551667 1.845e-01 5.274e-01 1.378e+00 4.189e+00        2        3        3         2        20        12         7          7 
          253        4.366270      -56.112098      198.364583       36.593889 9.452e-01 1.148e+00 1.380e+01 4.385e+01        3        3        3         2         5         5         5          6 
          254       15.142484       98.029530      200.248333        8.978333 1.211e-01 2.654e-01 2.164e+00 4.605e+00        1        2        3         2        32        19        11          7 
          255        5.498323       79.428205       21.112083       33.799444 1.665e-01 2.769e-01 1.935e+00 4.053e+00        3        3        3         2        13        13         8          8 
          256       27.242055      -68.989087      203.950833        2.998889 2.156e-01 3.069e-01 6.294e-01 1.273e+00        1        1        3         2        29        29         9         11 
          258        5.714781       60.326015       20.976667      -35.065556 2.848e-01 4.495e-01 2.240e-01 8.719e-01        3        3        3         1        11        14        19         30 
          259       91.757225      121.550500      205.534583       35.654167 1.503e-01 2.717e-01 9.082e-01 1.888e+00        1        1        3         2        29        30        21         17 
          260        4.623161      -91.121210      206.330000       41.712500 1.681e-01 1.987e-01 1.549e+00 5.911e+00        2        3        3         2        20        15        13          7 
          261       13.393694      -75.846428      213.312083       -3.207500 1.282e+00 3.638e+00 8.409e+00 8.886e+00        3        2        3         2         6         8         6          9 
          262        2.137404      108.232158      214.497917       25.136667 4.006e-01 7.690e-01 1.073e+00 1.614e+00        3        3        3         2        10         8         8         10 
          263       19.601453      -68.101111      216.095417       24.614167 2.326e-01 7.925e-01 4.945e+00 7.941e+00        3        2        3         2        16         9         7          8 
          264        7.806184      121.357039      218.467500        5.458333 1.441e-01 2.810e-01 1.444e+00 3.726e+00        3        3        3         2        18        14         8          6 
          265       73.791417      -67.245617      218.718333       48.661944 7.581e-02 1.016e-01 4.643e-01 1.212e+00        1        1        3         2        21        21         8         13 
          266        7.568457      131.158319      220.599583      -17.253056 2.434e-01 8.817e-01 8.163e+00 1.474e+01        3        3        3         2        15         8         5          5 
          267       10.635378       44.294256      228.763333       42.049722 2.613e-01 3.860e-01 3.408e+00 1.066e+01        3        3        3         2         8         8         5          5 
          268        2.540740       -5.625810      237.104167      -13.757778 3.909e-01 8.593e-01 3.646e+00 6.532e+00        3        3        2         2         9         7         7          8 
          270        5.135849      -92.322803      253.245417        2.400833 5.578e-01 3.417e+00 2.268e+01 2.778e+01        3        3        3         2         7         4         4          4 
          271        5.752115       80.844772      259.247917      -62.820556 9.268e-01 2.272e+00 1.465e+01 3.603e+01        3        3        2         2         6         5         5          7 
          272        0.677703     -125.318946      270.030417       66.615000 1.910e-01 1.029e+00 2.453e+00 2.693e+00        3        3        3         2         4         1         2          6 
          273       33.274729      -95.817373      295.669167      -10.323611 4.896e-01 5.986e-01 5.517e+00 1.888e+01        1        3        2         2        28         8         8          6 
          274        3.811107       54.559110      302.195417      -61.100278 2.397e-01 3.321e-01 9.538e-01 2.469e+00        3        3        3         2        12        10         8          9 
          275        4.030375       53.094499      330.507917      -31.869722 4.374e-01 7.612e-01 5.712e+00 1.229e+01        3        3        3         2         8         7         6          5 
          276        3.542365       43.291996      332.317917      -47.166667 6.063e-01 7.421e-01 2.666e+00 8.177e+00        3        3        3         2         8         6         6          5 
          277       14.625257       66.083852      345.504167       15.964722 2.817e-01 3.861e-01 4.939e+00 1.370e+01        3        3        1         1        13        12        34         32 
          277       41.293428      -64.372903      345.504167       15.964722 3.235e-01 4.937e-01 3.799e+00 7.395e+00        1        1        3         2        32        31         8          8 
          278        1.663216     -115.816743      345.815000        8.873889 1.348e+00 5.789e+00 2.587e+01 3.490e+01        3        3        3         2         7        10         7          6 
          279       15.698782       63.108195      346.236250       12.322778 8.823e-01 3.684e+00 1.284e+01 2.356e+01        3        2        3         2         7         9        14          6 
          280       15.276369     -109.429504      349.597917      -42.370556 1.620e+00 6.436e+00 4.910e+01 7.292e+01        3        3        3         2         6         5         6          7 
          281        2.914020     -128.475912      349.735833        0.243889 1.581e-01 2.410e-01 8.525e-01 2.038e+00        2        1        3         2        25        31        11         10 
          283       19.266407       67.717591       30.276667       -6.815556 1.869e-01 5.148e-01 5.105e-01 5.934e-01        2        1        3         2        18        32        19         28 
          284        7.758772     -108.313123       37.060417       31.311667 6.104e-01 1.315e+00 2.555e+00 4.551e+00        3        3        3         2         7         5         6          7 
          285       17.080687      -99.655692       38.657500       -8.787500 2.075e-01 5.232e-01 1.381e+00 1.893e+00        3        3        3         2        15         8         8          8 
          289       59.108065      -49.960607      139.805000       55.465278 6.631e-02 1.276e-01 1.985e-01 5.117e-01        1        1        3         1        22        24        20         23 
          293       14.021474     -123.652465       30.079583       24.473611 1.047e-01 2.279e-01 1.692e+00 2.995e+00        2        3        3         2        21        14         5          8 
          295        8.836121      -92.858203       98.196667       63.673611 1.681e-01 3.280e-01 1.428e+00 3.118e+00        3        3        3         2        14         8         5          9 
          297       23.358594      101.645837      116.029167       29.249167 2.232e-01 3.104e-01 5.579e-01 1.988e+00        3        3        3         2        12        13        12          9 
          298        3.084255      117.179434      161.677083       25.931667 7.130e-02 2.433e-01 1.777e+00 2.255e+00        1        2        3         2        25        19         6         12 
          300       31.835865      141.559220      181.180417       31.177222 1.704e-01 3.790e-01 2.748e+00 5.566e+00        3        3        3         2        18        10         8          8 
          301        8.967459      -63.229897      198.822083       44.407222 1.767e-01 3.574e-01 1.500e+00 1.995e+00        1        3        3         2        30        11        10         11 
          302        7.858084      109.079643      253.078750       55.905556 6.897e-02 1.363e-01 4.257e-01 1.031e+00        1        3        3         2        20        11         9         13 
          303        7.290995     -129.060698      274.047917       42.660278 7.520e-02 1.187e-01 4.953e-01 1.608e+00        1        3        3         1        17        13         8         17 
          304       21.996430       69.249774      343.582083       11.782500 1.087e-01 1.981e-01 6.419e-01 1.772e+00        1        2        3         2        31        21        10         23 
          306        4.432790      -83.146474      355.481250       30.581667 1.057e-01 1.505e-01 4.354e-01 1.528e+00        1        1        3         1        28        29        12         27 
          308       20.821460      -87.431127       97.606667       63.678056 1.012e-01 4.220e-01 1.896e+00 2.425e+00        2        3        3         2        19         7         5         12 
